
* * * * * * * * * * * * * * * * * * * * * * * * * * * * * * * * *

|D| : 1000, |D_0| : 999, |D_1| : 1000
N = N_0 = N_1 : 100
Epochs : 200, Batch size : 100
DP STD : 0.05
l_0 : (0.0004366874636616558, 0.00174251280259341, 0.0006538875168189406, 0.0025939648039638996, 0.0016277885297313333, 0.002307730494067073, 0.00076908094342798, 0.0005343916127458215, 0.001632549217902124, 0.001958001870661974, 0.00034314466756768525, 0.00014911970356479287, 0.0007032066932879388, 0.0007564543629996479, 0.00033706706017255783, 0.0003943857445847243, 0.0004478881892282516, 0.0013409203384071589, 0.0008898589294403791, 0.0018067717319354415, 0.0007234578370116651, 0.000491855782456696, 0.0007207180024124682, 0.0037336894311010838, 0.0013317534467205405, 0.0008914072532206774, 0.0009167758980765939, 0.0008621074957773089, 0.0014174662064760923, 0.00031001531169749796, 0.000840906286612153, 0.00020823694649152458, 0.0008488865569233894, 0.0002308817347511649, 0.0012435331009328365, 0.000262106885202229, 0.0008318539476022124, 0.000532008707523346, 0.00020275443966966122, 0.0007110689766705036, 0.00044586253352463245, 0.0009598892065696418, 0.00012444675667211413, 0.0009321396937593818, 0.0005607224884442985, 0.002239816589280963, 0.0013448490062728524, 0.0002554328821133822, 0.0027612438425421715, 0.0004228651523590088, 0.0005403488758020103, 0.001176975667476654, 0.000388665939681232, 0.0015688742278143764, 0.0006829552003182471, 0.0010333680547773838, 0.0011664974736049771, 0.0009788251481950283, 0.0008636558777652681, 0.00011586471373448148, 0.000774798565544188, 0.0010147904977202415, 0.001938013592734933, 0.0007001094636507332, 0.00032205163734033704, 0.0005830018781125546, 0.0013180625392124057, 0.0005919373361393809, 0.0017778557958081365, 0.0015654225135222077, 0.0003873551613651216, 0.00024482590379193425, 0.0009455977124162018, 0.00044264530879445374, 0.0016746795736253262, 0.0016112453304231167, 0.0018847098108381033, 0.0007470439304597676, 0.00029047083808109164, 0.000398198957554996, 0.0002618685248307884, 0.00016437610611319542, 0.000514851592015475, 0.00010418349120300263, 0.000880449719261378, 0.0007219092221930623, 0.0017690499080345035, 0.002855392638593912, 0.00046588058467023075, 0.0021005249582231045, 0.001179118873551488, 0.0003691230376716703, 0.0014271085383370519, 0.0008207766804844141, 0.00015341058315243572, 0.0007975496700964868, 0.0007840896723791957, 0.0022192392498254776, 0.0005540504935197532, 0.0008698494057171047)
l_1 : (0.0005647733341902494, 0.0021398996468633413, 0.0007334641413763165, 0.0009926398051902652, 0.0006018257699906826, 0.0007994554471224546, 0.00034231049357913435, 0.002710361499339342, 0.0006785474251955748, 0.0003135904553346336, 0.0006244616815820336, 0.0005832401220686734, 0.00023445718397852033, 0.00561078917235136, 0.0006800960982218385, 0.0006360176485031843, 0.00023707917716819793, 0.0013043713988736272, 0.00048411093303002417, 0.0003741279651876539, 0.0002796259068418294, 0.00025006983196362853, 0.001035987981595099, 0.000993711524643004, 4.8397800128441304e-05, 0.00023803261865396053, 0.001868646708317101, 0.0005246216314844787, 0.0011378012131899595, 0.00044050050200894475, 0.0002153879904653877, 0.000846147071570158, 0.0016049373662099242, 0.000300958170555532, 0.0004742213059216738, 0.0009093916742131114, 0.0002698534226510674, 0.0005499995895661414, 0.004758699797093868, 0.002663637977093458, 0.00047124247066676617, 0.001741322805173695, 0.0009658439084887505, 0.0007240534760057926, 0.000895933189895004, 0.0018240257631987333, 0.0019070787820965052, 0.00017557987303007394, 0.0005127069307491183, 0.0005403488758020103, 0.00026782741770148277, 0.0002416080387774855, 0.0004941195948049426, 0.0012287693098187447, 0.0004291805380489677, 0.0003457663697190583, 0.00023767507809679955, 0.002692884998396039, 0.00034528967808000743, 0.0009092725813388824, 0.00039188333903439343, 0.0048596602864563465, 0.001833664020523429, 0.0023847969714552164, 0.00099871342536062, 0.0003995097358711064, 0.0006779517862014472, 0.0008282806375063956, 0.0007178590167313814, 0.00043299360550008714, 0.0006842655711807311, 0.0008205384365282953, 0.00012015574611723423, 0.0007539528887718916, 0.00130282377358526, 0.003124952083453536, 0.0004196478403173387, 0.00026067672297358513, 0.0018581758486106992, 0.0002632986579556018, 0.0013555632904171944, 0.0006940339808352292, 0.00028236693469807506, 0.0005635818815790117, 0.0005420169327408075, 0.004151773639023304, 0.004338851664215326, 0.0009913297835737467, 0.0005799042410217226, 0.0009608419495634735, 0.00010418349120300263, 0.0016088649863377213, 0.0012887752382084727, 0.0010829067323356867, 0.0005329619161784649, 0.004326388705521822, 0.001148994080722332, 0.0001938155182870105, 0.0020374746527522802, 0.0005912224878557026)

* * * * * * * * * * * * * * * * * * * * * * * * * * * * * * * * *

|D| : 1000, |D_0| : 999, |D_1| : 1000
N = N_0 = N_1 : 100
Epochs : 200, Batch size : 100
DP STD : 0.05
l_0 : (0.04447794705629349, 0.0033254106529057026, 0.33617278933525085, 0.0176080372184515, 1.789779543876648, 0.004285675473511219, 7.438383181579411e-05, 0.13239289820194244, 0.08666209876537323, 0.11673790216445923, 0.013800677843391895, 0.537479817867279, 0.02626015432178974, 0.1829947978258133, 0.026360709220170975, 0.2023453265428543, 0.06382283568382263, 0.004254219587892294, 0.27817440032958984, 0.06880545616149902, 1.3134819269180298, 0.008545498363673687, 0.00888749584555626, 2.522624969482422, 0.3734469711780548, 0.0926520973443985, 1.303310513496399, 0.006805100943893194, 0.1307089477777481, 0.12461508065462112, 0.0038035206962376833, 0.2530815601348877, 0.030737902969121933, 0.0009179668850265443, 0.9772582054138184, 1.044546365737915, 0.6335321664810181, 0.0003178806509822607, 0.02102060616016388, 0.31922027468681335, 0.1596200317144394, 0.005993015132844448, 0.015635522082448006, 0.0351046547293663, 0.003026431193575263, 0.0038526849821209908, 0.0024085817858576775, 0.4341661334037781, 0.004135153256356716, 0.03221096098423004, 0.12265059351921082, 0.0039803339168429375, 0.22866389155387878, 0.31769683957099915, 0.003826678032055497, 0.25928637385368347, 1.8643310070037842, 0.040188323706388474, 0.10958308726549149, 0.21663139760494232, 0.9436228275299072, 0.011369438841938972, 0.003975822124630213, 0.1809157282114029, 0.027717553079128265, 0.14458250999450684, 0.003576550865545869, 0.03047221712768078, 0.02177276276051998, 0.0024945589248090982, 0.13867589831352234, 0.00396181084215641, 0.2537066638469696, 0.06173083186149597, 0.033353760838508606, 0.008657422848045826, 0.22245457768440247, 0.00047469791024923325, 0.3248589336872101, 0.08358556032180786, 0.5839908123016357, 0.17173229157924652, 1.4206749200820923, 0.012069527991116047, 0.5832502245903015, 0.06970444321632385, 0.05482904240489006, 0.006309707649052143, 0.23406082391738892, 0.012583148665726185, 0.10622771829366684, 0.08880671858787537, 0.004553188569843769, 0.0011270844843238592, 0.004426443483680487, 0.04262392222881317, 1.1917037963867188, 0.14312025904655457, 0.15768399834632874, 0.4242019057273865)
l_1 : (0.02836712822318077, 0.7994229197502136, 0.0013585394481197, 0.012733698822557926, 0.001430560601875186, 0.0234796404838562, 0.005844883155077696, 0.0307668037712574, 0.0024877809919416904, 0.004652271047234535, 0.00034528967808000743, 0.0017610769718885422, 0.008787059225142002, 0.034068357199430466, 0.0035896170884370804, 0.007896160706877708, 0.013631824404001236, 0.035886432975530624, 0.03076264262199402, 0.010940920561552048, 0.0014018717920407653, 6.210611172718927e-05, 0.09666848182678223, 0.0009304723353125155, 0.002667323686182499, 0.08401398360729218, 0.001636119675822556, 0.08504032343626022, 0.034579213708639145, 0.048656366765499115, 0.0295553021132946, 0.0835609957575798, 0.02272200956940651, 0.009252290241420269, 0.0010656398953869939, 0.0025827880017459393, 0.0031184160616248846, 0.02586073987185955, 0.03991597518324852, 0.058476999402046204, 0.001762266969308257, 0.003590329783037305, 0.202194482088089, 0.010116256773471832, 0.0023499513044953346, 0.0748029425740242, 0.019328581169247627, 0.11378040909767151, 0.004624861292541027, 0.2822783589363098, 0.048390064388513565, 0.000849482137709856, 0.025003531947731972, 0.031596217304468155, 0.09406118839979172, 0.3122597932815552, 0.016844535246491432, 0.053924936801195145, 0.0036746615078300238, 0.003660883754491806, 0.0027713484596461058, 0.006108069326728582, 0.01493428461253643, 0.004146075341850519, 0.000296310376143083, 0.1260758340358734, 0.04024993255734444, 0.005633430555462837, 0.26623231172561646, 0.041942618787288666, 0.00371029251255095, 0.0016307639889419079, 0.0038656287360936403, 0.03100363351404667, 0.07114122807979584, 0.008543725125491619, 0.04531646519899368, 0.02068541944026947, 0.007536431774497032, 0.21205727756023407, 0.006029867101460695, 0.6330163478851318, 0.0005031750188209116, 0.010004023090004921, 0.07685378938913345, 0.3327946662902832, 0.02049039676785469, 0.008425877429544926, 0.004179671406745911, 0.010007445700466633, 0.00038890427094884217, 0.0008085080771706998, 0.009760985150933266, 0.013585373759269714, 0.035401444882154465, 5.638440416078083e-05, 0.018869653344154358, 0.1303897500038147, 0.11939630657434464, 0.0034926861990243196)

* * * * * * * * * * * * * * * * * * * * * * * * * * * * * * * * *

|D| : 1000, |D_0| : 999, |D_1| : 1000
N = N_0 = N_1 : 100
Epochs : 200, Batch size : 100
DP STD : 0.05
l_0 : (0.27397340536117554, 0.14160816371440887, 0.09588289260864258, 0.28022274374961853, 0.7301226258277893, 0.03988413140177727, 0.32540977001190186, 0.024804698303341866, 0.3596698045730591, 0.36121881008148193, 0.15282972157001495, 0.2530460059642792, 0.04108181968331337, 0.619036853313446, 0.03220045566558838, 2.7137534618377686, 1.1844149827957153, 1.3022288084030151, 0.07100776582956314, 0.08433090150356293, 0.19868104159832, 1.5293999910354614, 0.2555100917816162, 0.2444697618484497, 0.042249616235494614, 0.09695577621459961, 0.9782068729400635, 0.29806697368621826, 0.3389909267425537, 0.6371236443519592, 0.017107656225562096, 0.03666898235678673, 0.5144557952880859, 0.16592033207416534, 0.03156953677535057, 0.12179313600063324, 0.0075273215770721436, 0.0605468675494194, 0.0750531256198883, 0.5603894591331482, 0.49443691968917847, 0.10278382897377014, 0.23862650990486145, 0.07620038837194443, 0.42729806900024414, 0.07019452750682831, 0.28117647767066956, 0.6418976187705994, 0.8328952193260193, 0.0328114815056324, 0.43806353211402893, 0.34284743666648865, 0.7590049505233765, 0.16885676980018616, 2.362192392349243, 0.5985100865364075, 0.24297869205474854, 0.023744048550724983, 0.8205860257148743, 0.652650773525238, 0.4070006012916565, 0.2857295274734497, 0.607189953327179, 2.276824474334717, 0.716400682926178, 0.03778902441263199, 0.019282393157482147, 1.6622772216796875, 0.23817285895347595, 0.293788343667984, 0.2429792582988739, 0.018907904624938965, 0.09505484253168106, 1.153782844543457, 0.15478110313415527, 0.36039650440216064, 0.18233619630336761, 0.36613398790359497, 0.23279955983161926, 0.5516377687454224, 0.02717963047325611, 0.019405867904424667, 1.0276228189468384, 0.9844852685928345, 0.05196410417556763, 0.08003251254558563, 0.005725768860429525, 0.2257046103477478, 0.3441300392150879, 0.18956921994686127, 0.5257723927497864, 0.06454326957464218, 0.06584105640649796, 0.10285718739032745, 0.007956122979521751, 0.21570926904678345, 1.1641590595245361, 0.07662006467580795, 0.4013684093952179, 0.01249826978892088)
l_1 : (0.01291576586663723, 0.005597275216132402, 0.013510812073946, 0.005932105705142021, 0.13171890377998352, 0.039830178022384644, 0.014355949126183987, 0.005768438335508108, 0.1999484747648239, 0.05582455173134804, 0.2694740295410156, 0.059016332030296326, 0.0682746097445488, 0.007945715449750423, 0.03099300153553486, 0.0022319662384688854, 0.0005683475756086409, 0.028645886108279228, 0.007376458495855331, 0.0032511495519429445, 0.06908673793077469, 0.007549801375716925, 0.004245198331773281, 0.026619479060173035, 0.0001805857609724626, 0.038059547543525696, 0.014613145962357521, 0.004263834562152624, 0.06976247578859329, 0.5458542704582214, 0.0010526598198339343, 0.2763018012046814, 0.034017663449048996, 0.033718615770339966, 0.009746583178639412, 0.01724393479526043, 0.02807890623807907, 0.0011343479854986072, 0.1078648641705513, 0.07309842109680176, 0.03539235517382622, 0.025534259155392647, 0.049454063177108765, 0.501874566078186, 0.03649141639471054, 0.04721463471651077, 0.4468863606452942, 0.027262460440397263, 0.0014035383937880397, 0.029101161286234856, 0.0017200212460011244, 0.038929715752601624, 0.002154411980882287, 0.003335509682074189, 0.006412288174033165, 0.013144861906766891, 0.02306746505200863, 0.00802400428801775, 0.049183543771505356, 0.03477334976196289, 0.017407258972525597, 0.011384996585547924, 0.0006803343421779573, 0.05308038368821144, 0.04693474993109703, 0.07422424852848053, 0.01081769447773695, 0.0219823457300663, 0.004392380826175213, 0.09596499055624008, 0.06686513870954514, 0.008648086339235306, 0.03896147757768631, 0.001992385368794203, 0.1179751306772232, 0.021700909361243248, 0.4870840907096863, 0.056477200239896774, 0.0445915088057518, 0.010826067067682743, 0.028966024518013, 0.014828933402895927, 0.02936501055955887, 0.04198103025555611, 0.006800838280469179, 0.10910071432590485, 0.03446059301495552, 0.1091846153140068, 0.030537893995642662, 0.001961690140888095, 0.02103496342897415, 0.012683674693107605, 0.06016911193728447, 0.04491182416677475, 0.00029762129997834563, 0.009663823992013931, 0.010388821363449097, 0.003382558235898614, 0.010816161520779133, 0.08431556075811386)

* * * * * * * * * * * * * * * * * * * * * * * * * * * * * * * * *

|D| : 1000, |D_0| : 999, |D_1| : 1000
N = N_0 = N_1 : 100
Epochs : 200, Batch size : 100
DP STD : 0.05
l_0 : (0.07502183318138123, 1.7155282497406006, 0.03996110334992409, 0.841948390007019, 0.6218949556350708, 3.763867139816284, 0.07195247709751129, 0.08854783326387405, 0.4815320372581482, 0.07571202516555786, 0.7930474281311035, 0.19502025842666626, 0.856840968132019, 1.8140664100646973, 0.5149624347686768, 0.5135312080383301, 0.11381275206804276, 1.2621679306030273, 0.17674896121025085, 0.457223117351532, 3.241978406906128, 0.22129122912883759, 1.3553435802459717, 2.8222453594207764, 0.08026609569787979, 0.16572348773479462, 0.10272563248872757, 3.0305542945861816, 1.4741249084472656, 0.6461547017097473, 0.4262840747833252, 0.04724670201539993, 0.8694065809249878, 0.6796422004699707, 2.240675449371338, 1.2684482336044312, 2.0570294857025146, 3.4535791873931885, 1.552108883857727, 1.0139985084533691, 0.262458860874176, 0.14850609004497528, 0.1361142098903656, 0.05725967884063721, 1.0677976608276367, 0.46373966336250305, 0.26771247386932373, 0.17996573448181152, 0.5112305879592896, 0.26850324869155884, 0.6862451434135437, 4.565868377685547, 0.1701565980911255, 0.7255347371101379, 0.024040738120675087, 0.3222939074039459, 0.07721447944641113, 0.3139987587928772, 0.2635193467140198, 3.150343418121338, 0.1963537484407425, 0.2361825406551361, 1.2919745445251465, 2.1269209384918213, 0.848739504814148, 0.013094387948513031, 0.6910027265548706, 3.7815914154052734, 1.3835034370422363, 0.6587240099906921, 1.0191878080368042, 0.11218522489070892, 4.1735944747924805, 0.9013418555259705, 2.5392682552337646, 1.0485119819641113, 0.30045396089553833, 1.4712809324264526, 3.7300236225128174, 3.1165146827697754, 1.5751450061798096, 1.5808833837509155, 0.9342833757400513, 0.8749834299087524, 2.0645999908447266, 0.37161603569984436, 0.43672099709510803, 0.3431631326675415, 0.5213264226913452, 2.546278476715088, 4.035807132720947, 1.8762125968933105, 0.510308027267456, 2.085996389389038, 0.172062948346138, 0.5658342838287354, 0.0658777728676796, 4.069119453430176, 0.19212572276592255, 1.099966049194336)
l_1 : (0.002877264516428113, 0.06530673056840897, 0.006354010198265314, 0.11943057924509048, 0.22620730102062225, 0.016234463080763817, 0.04741622507572174, 0.008078046143054962, 0.006671298760920763, 0.049058929085731506, 0.14963270723819733, 0.0048658293671905994, 0.03626910224556923, 0.015355695970356464, 0.026775475591421127, 0.02242189645767212, 0.061168406158685684, 0.01807257905602455, 0.11758264154195786, 0.0021892646327614784, 0.05267740413546562, 0.01860816590487957, 0.689814567565918, 0.006394757889211178, 0.12486005574464798, 0.09356475621461868, 0.055409256368875504, 0.01014233659952879, 0.024914352223277092, 0.009392478503286839, 0.016224846243858337, 0.09519380331039429, 0.04752035811543465, 0.049039971083402634, 0.02638636901974678, 0.0023732611443847418, 0.08620911091566086, 0.005409128498286009, 0.09448840469121933, 0.27542179822921753, 0.0659249871969223, 0.20808659493923187, 0.23242829740047455, 0.026160402223467827, 0.021565819159150124, 0.048217181116342545, 0.021523235365748405, 0.3943287134170532, 0.0061298697255551815, 0.017542794346809387, 0.017149608582258224, 0.12247120589017868, 0.013123095966875553, 0.11534523218870163, 0.07255998253822327, 0.08483106642961502, 0.06335221976041794, 0.010088523849844933, 0.027603568509221077, 0.010543123818933964, 0.25739702582359314, 0.2794146239757538, 0.1413569152355194, 0.029944797977805138, 0.01715288870036602, 0.006840620655566454, 0.24214288592338562, 0.016625547781586647, 0.10690164566040039, 0.19818875193595886, 0.09104610979557037, 0.04132571443915367, 0.10659705102443695, 0.002932298230007291, 0.12886247038841248, 0.9163807034492493, 0.04015488550066948, 0.2159556895494461, 0.2934366464614868, 0.08022142946720123, 0.08466579765081406, 0.15057840943336487, 0.1657736897468567, 0.0016678959364071488, 0.004338851664215326, 0.24654047191143036, 0.23981423676013947, 0.4049735963344574, 0.09472872316837311, 0.030476611107587814, 0.019594788551330566, 0.01751796156167984, 0.08742547035217285, 0.12981963157653809, 0.010610122233629227, 0.028721297159790993, 0.11031582206487656, 0.05004681646823883, 0.010189183987677097, 0.06219683587551117)

* * * * * * * * * * * * * * * * * * * * * * * * * * * * * * * * *

|D| : 1000, |D_0| : 999, |D_1| : 1000
N = N_0 = N_1 : 100
Epochs : 200, Batch size : 100
DP STD : 0.05
l_0 : (6.270212179515511e-05, 0.00011181206355104223, 3.0636318115284666e-05, 2.6702524337451905e-05, 7.033100700937212e-05, 0.0007371568935923278, 9.059865078597795e-06, 2.169585604860913e-05, 0.0002961912250611931, 0.000763244170229882, 6.246371776796877e-05, 2.0503786799963564e-05, 4.255681051290594e-05, 0.00017593742813915014, 6.09140915912576e-05, 3.099393507000059e-05, 0.0001720042055239901, 0.0002618685248307884, 4.0649541915627196e-05, 2.729855441430118e-05, 5.900685573578812e-05, 5.531158240046352e-05, 2.4914430468925275e-05, 0.000695463502779603, 9.238292841473594e-05, 8.106198947643861e-06, 3.302042750874534e-05, 0.00032026408007368445, 8.987976616481319e-05, 3.2186455882765586e-06, 4.410646579344757e-05, 0.00011932138295378536, 0.00021407696476671845, 0.0002079985715681687, 0.003419506596401334, 0.00034350217902101576, 5.006777428206988e-06, 2.658331868587993e-05, 0.0016701571876183152, 0.0003829461056739092, 5.364403477869928e-06, 4.4225667807040736e-05, 3.302042750874534e-05, 2.2291887944447808e-05, 8.892617915989831e-05, 0.0010977915953844786, 9.417489309271332e-06, 2.8013790142722428e-05, 0.0002588890492916107, 7.009260298218578e-05, 1.3470558769768104e-05, 6.067568756407127e-05, 0.0005392765742726624, 0.001212814822793007, 5.400034933700226e-05, 0.00036030475166626275, 1.1920922133867862e-06, 0.0004114258335903287, 7.688703772146255e-05, 0.00020394629973452538, 0.00023231192608363926, 2.9802276912960224e-06, 3.313963316031732e-05, 1.9311717551317997e-05, 0.0001110968878492713, 3.4570634852570947e-06, 5.483612312673358e-06, 0.00013481661153491586, 6.639736966462806e-05, 0.0016500442288815975, 6.151010165922344e-05, 0.0001646144810365513, 0.00015364897262770683, 0.0003846143954433501, 4.172238186583854e-05, 0.0005097282119095325, 4.136476854910143e-05, 4.160317621426657e-05, 0.0003911683743353933, 4.541770613286644e-05, 7.068861305015162e-05, 9.583967766957358e-05, 2.9444261599564925e-05, 7.652943895664066e-05, 1.3351351299206726e-05, 8.916457591112703e-05, 0.00018416139937471598, 0.00011169286881340668, 2.5629668016335927e-05, 6.23445157543756e-05, 0.00010656742961145937, 0.0003491030656732619, 0.0001677133986959234, 9.298280929215252e-06, 0.0009519098093733191, 0.0014477020595222712, 3.909988299710676e-05, 1.9788545614574105e-05, 0.00016544880054425448, 4.172316494077677e-06)
l_1 : (3.361645576660521e-05, 6.23445157543756e-05, 5.006777428206988e-06, 0.00015376816736534238, 5.507317473529838e-05, 0.0002584123576525599, 4.8397800128441304e-05, 1.8954096958623268e-05, 1.0728830375228426e-06, 4.458328112377785e-05, 3.635817120084539e-05, 7.390948667307384e-06, 0.00029976642690598965, 0.0002040654799202457, 0.0012997282901778817, 8.248942322097719e-05, 0.00018869050836656243, 6.198863957251888e-06, 9.63164638960734e-05, 5.1377883210079744e-05, 7.390948667307384e-06, 5.8412379075889476e-06, 1.2993727978027891e-05, 5.769562994828448e-05, 1.3708974620385561e-05, 0.0002119316632160917, 1.1444026313256472e-05, 2.2411095415009186e-05, 0.00037496211007237434, 2.4437606043647975e-05, 9.035655966727063e-05, 6.318072337307967e-06, 0.00013004888023715466, 1.537788011773955e-05, 7.152555099310121e-07, 3.111314072157256e-05, 9.179073458653875e-06, 8.225102646974847e-05, 0.00015662873920518905, 4.541770613286644e-05, 5.4238757002167404e-05, 0.00016330339713022113, 0.00025769727653823793, 4.708655978902243e-05, 0.00038580605178140104, 1.728519782773219e-05, 6.615896563744172e-05, 2.825220326485578e-05, 3.373566141817719e-05, 0.0005321278586052358, 8.583032467868179e-06, 0.00013410145766101778, 7.152301259338856e-05, 0.0008490057080052793, 1.9907753085135482e-05, 4.339123915997334e-05, 4.589452510117553e-05, 0.00048601735034026206, 0.0014717471785843372, 5.8412379075889476e-06, 1.4185804502631072e-05, 5.245195097813848e-06, 0.0001072826053132303, 2.8132995794294402e-05, 2.1576648578047752e-05, 7.271740287251305e-06, 0.0007387054502032697, 0.0017184742027893662, 1.7881233361549675e-05, 8.642300235806033e-05, 0.00030429501202888787, 9.452849917579442e-05, 6.079655122448457e-06, 3.8265450712060556e-05, 5.2689116273541003e-05, 2.3245540432981215e-05, 7.152531907195225e-06, 0.00022825974156148732, 0.00011407678539399058, 0.00010764019680209458, 8.105902816168964e-05, 3.671578815556131e-05, 5.602679812000133e-05, 4.529942543740617e-06, 4.672895011026412e-05, 1.7404405298293568e-05, 4.494089080253616e-05, 1.4305012882687151e-05, 0.005505992565304041, 1.0371154530730564e-05, 4.160317621426657e-05, 6.437280717364047e-06, 1.1086402082582936e-05, 8.34461570775602e-06, 0.00013517419574782252, 2.5987286790041253e-05, 2.145764938177308e-06, 0.00021836756786797196, 7.510157047363464e-06, 0.00016473367577418685)

* * * * * * * * * * * * * * * * * * * * * * * * * * * * * * * * *

|D| : 1000, |D_0| : 999, |D_1| : 1000
N = N_0 = N_1 : 100
Epochs : 200, Batch size : 100
DP STD : 0.05
l_0 : (0.007085552904754877, 3.885681629180908, 0.01974405348300934, 0.002233750419691205, 0.012507099658250809, 0.014509523287415504, 0.025375861674547195, 6.961580220377073e-05, 0.0012642494402825832, 0.19234851002693176, 0.11003436893224716, 0.006722808815538883, 0.001320681651122868, 0.0013730631908401847, 0.3269509971141815, 0.11625970900058746, 0.05723806098103523, 0.05092565715312958, 0.0007091629668138921, 0.003339549293741584, 0.005120733752846718, 0.002646517474204302, 0.08254136145114899, 0.008109618909657001, 0.00043108707177452743, 0.01116716768592596, 0.00019727191829588264, 0.004176703747361898, 0.0041812146082520485, 0.35637417435646057, 0.3147011995315552, 0.04597122222185135, 0.009339098818600178, 0.34923866391181946, 0.00016068121476564556, 0.06856861710548401, 0.06724517047405243, 0.005199481267482042, 0.3518899083137512, 0.4255498945713043, 0.003556119976565242, 0.015082838013768196, 0.0061298697255551815, 0.003355826484039426, 0.07166323065757751, 2.251361608505249, 0.00029797881143167615, 0.006771001033484936, 0.1740671545267105, 0.0019847711082547903, 0.06734926253557205, 0.04408072307705879, 0.002894737757742405, 0.012957305647432804, 0.007008492946624756, 0.0004773192631546408, 0.12549683451652527, 0.0014577010879293084, 0.0006256530177779496, 0.0035213150549679995, 0.08924980461597443, 0.0782003104686737, 0.48949962854385376, 0.00897185504436493, 0.10557061433792114, 0.0006201728247106075, 0.013707906007766724, 0.009299888275563717, 0.04791610315442085, 0.012938125059008598, 0.08519218116998672, 0.003065412864089012, 0.027554862201213837, 0.008441245183348656, 0.010970869101583958, 0.04572230577468872, 0.023222152143716812, 0.075676329433918, 0.00012420836719684303, 0.023525752127170563, 0.02686692774295807, 0.0001851148990681395, 0.4718979597091675, 0.005763459950685501, 0.04569816216826439, 0.35198238492012024, 0.00029476112104021013, 0.000653411028906703, 0.012106391601264477, 0.0015695883193984628, 0.051658716052770615, 0.3124818801879883, 0.5656166672706604, 0.0940055251121521, 0.11084499210119247, 0.04946257546544075, 0.010266942903399467, 0.013161803595721722, 0.002475176239386201, 2.4138343334198)
l_1 : (0.023550553247332573, 0.004781597759574652, 0.1658211648464203, 0.029232805594801903, 6.890059739816934e-05, 0.013165686279535294, 0.004389532376080751, 0.0009747759322635829, 0.08896159380674362, 0.0002847504511009902, 0.028437115252017975, 0.023162633180618286, 8.821098163025454e-05, 0.010562114417552948, 0.0006126672378741205, 0.0005886013968847692, 0.000636255950666964, 0.0054885647259652615, 0.0005287918029353023, 0.015785496681928635, 0.00045062878052704036, 2.4199192921514623e-05, 0.031038766726851463, 0.0004048719711136073, 0.0085345059633255, 0.04583902657032013, 0.1553579866886139, 0.0018272384768351912, 0.023923538625240326, 0.0011399445356801152, 0.014527969993650913, 0.009965075179934502, 0.13214965164661407, 0.00017021637177094817, 0.019291047006845474, 0.0027295020408928394, 0.015779512003064156, 0.0004650464979931712, 0.00012051333033014089, 0.0011508992174640298, 0.0072187078185379505, 0.0011557810939848423, 0.012878579087555408, 0.012319305911660194, 0.0015197168104350567, 0.011333136819303036, 0.12317843735218048, 0.010889745317399502, 0.009425072930753231, 0.6694563031196594, 0.0051636663265526295, 0.08771325647830963, 0.00022110878489911556, 0.0072426144033670425, 0.0028250806499272585, 0.013379551470279694, 0.0005035324720665812, 0.008710957132279873, 0.0013086573453620076, 0.001657304004766047, 0.0002619877050165087, 0.0024403335992246866, 0.07126955687999725, 0.0408172644674778, 0.01947963982820511, 0.0019496734021231532, 0.03254449740052223, 0.3072381913661957, 0.0150831900537014, 0.004556155297905207, 0.00799479428678751, 0.00010048838157672435, 0.0020435419864952564, 0.00030298411729745567, 0.0007172634359449148, 0.005761919543147087, 0.05657171830534935, 0.0011963837314397097, 0.0005850272136740386, 0.04189380630850792, 0.0019279003608971834, 0.007674613501876593, 0.0006076634745113552, 0.0036026830784976482, 0.40527260303497314, 0.1306452453136444, 0.07005216181278229, 0.027944326400756836, 0.0043098898604512215, 0.000587767455726862, 0.008157034404575825, 0.012835975736379623, 0.0018287854036316276, 0.07478822767734528, 0.15984967350959778, 0.056233592331409454, 0.007173141464591026, 0.0009503615438006818, 0.04771813750267029, 0.1958174854516983)

* * * * * * * * * * * * * * * * * * * * * * * * * * * * * * * * *

|D| : 1000, |D_0| : 999, |D_1| : 1000
N = N_0 = N_1 : 100
Epochs : 200, Batch size : 100
DP STD : 0.05
l_0 : (4.6491513785440475e-06, 5.960446742392378e-06, 4.3987260141875595e-05, 0.00018940561858471483, 2.0265558760002023e-06, 0.0001006075763143599, 0.0005986090400256217, 9.512448741588742e-05, 0.006477195303887129, 0.006372963078320026, 0.00034517052699811757, 0.0004786299541592598, 7.510157047363464e-06, 1.4543427823809907e-05, 0.005650144536048174, 0.00012981049076188356, 1.0967194612021558e-05, 0.0002053765201708302, 7.903263758635148e-05, 4.2676016164477915e-05, 0.0004354958946350962, 1.7881233361549675e-05, 0.00027307120035402477, 0.0005706112715415657, 3.755022044060752e-05, 0.0002411313180346042, 1.0251946150674485e-05, 0.0008379285573028028, 1.4424220353248529e-05, 0.000601349223870784, 5.709961988031864e-05, 4.005352093372494e-05, 0.00014625910262111574, 0.0008735416340641677, 0.0004956685588695109, 1.8596476365928538e-05, 2.4199192921514623e-05, 0.0007781338645145297, 0.007219536229968071, 0.001693720929324627, 0.00023934361524879932, 0.00016473367577418685, 0.00012015574611723423, 0.0011181537993252277, 0.0010993395699188113, 0.0011887634173035622, 0.0012448427733033895, 0.0005119920242577791, 6.723177648382261e-05, 1.4305104514278355e-06, 0.000987637904472649, 0.00017426878912374377, 0.0003190723655279726, 0.008031454868614674, 0.00013267113536130637, 0.00012468514614738524, 0.0018548441585153341, 0.002672554925084114, 0.00011562632425921038, 0.014934872277081013, 8.940656698541716e-06, 0.00013731967192143202, 0.0007864719373174012, 5.090107151772827e-05, 0.00013076403411105275, 0.0029425201937556267, 0.0012819890398532152, 0.0009949024533852935, 0.00012420836719684303, 7.271740287251305e-06, 0.001829142333008349, 0.0006817638641223311, 9.536738616588991e-07, 0.0002535260282456875, 3.2782016205601394e-05, 0.01504021231085062, 4.768370445162873e-07, 1.883488948806189e-05, 0.017613543197512627, 0.0005459486856125295, 0.0005147324409335852, 0.001262344536371529, 0.004505126737058163, 2.3007127310847864e-05, 4.255681051290594e-05, 0.006578456144779921, 0.0002422039397060871, 0.00029225845355540514, 1.7881233361549675e-05, 0.00013267113536130637, 0.00023707917716819793, 0.00013720047718379647, 0.0009245174005627632, 3.659658250398934e-05, 0.03492577746510506, 1.0728830375228426e-06, 2.6702524337451905e-05, 5.793403761344962e-05, 0.0010418231831863523, 0.003023697528988123)
l_1 : (2.7418097943154862e-06, 0.0034911418333649635, 0.0005992047372274101, 0.00023266946664080024, 4.351044481154531e-05, 0.00012540031457319856, 0.0011051744222640991, 0.0006718761869706213, 6.90197994117625e-05, 0.0001821352052502334, 0.0005003153928555548, 2.264974000354414e-06, 0.0002553137019276619, 2.169585604860913e-05, 0.003948631230741739, 0.0001012035645544529, 1.4305104514278355e-06, 5.722029527532868e-06, 0.0002060916303889826, 0.0006311332108452916, 0.0013621109537780285, 0.000537727726623416, 0.001383420079946518, 0.000251142424531281, 0.0011466125724837184, 0.0017560789128765464, 0.01666318252682686, 0.0013654442736878991, 0.0002949994814116508, 0.0001245659514097497, 1.7881233361549675e-05, 0.0024807651061564684, 0.0003182381624355912, 0.0002321927313460037, 1.2755313036905136e-05, 0.012684263288974762, 1.168244216387393e-05, 5.566918844124302e-05, 0.0004109491710551083, 0.0004596845537889749, 0.0008424547268077731, 0.0018543682526797056, 2.9801878554280847e-05, 3.981510963058099e-05, 4.410734163684538e-06, 0.0001323135511483997, 1.6093124941107817e-05, 0.09797217696905136, 1.7165990357170813e-05, 1.168244216387393e-05, 6.198863957251888e-06, 3.373566141817719e-05, 0.0005098473629914224, 0.0002108589978888631, 0.00019464982324279845, 0.000129691296024248, 0.00015805903240107, 0.00012242044613230973, 0.00023707917716819793, 3.576278118089249e-07, 0.00010418349120300263, 4.482168878894299e-05, 1.5497195136049413e-06, 4.911301948595792e-05, 0.0019760860595852137, 1.1920922133867862e-06, 0.0036733548622578382, 0.00013183678674977273, 0.00027807659353129566, 0.00011073929636040702, 5.864924969500862e-05, 0.0001037067049765028, 0.0005489272880367935, 2.5987286790041253e-05, 0.0008255410939455032, 0.004250896163284779, 5.006777428206988e-06, 0.007062352728098631, 2.0265558760002023e-06, 8.940656698541716e-06, 0.0008174415561370552, 3.099436753473128e-06, 0.0006245807744562626, 1.823885577323381e-05, 0.0006163604557514191, 0.000259365770034492, 0.00018892886873800308, 5.185469490243122e-05, 8.546940807718784e-05, 0.00036352223833091557, 1.4305012882687151e-05, 5.1377883210079744e-05, 0.0003847335756290704, 0.006535702850669622, 2.1815061700181104e-05, 1.7881233361549675e-05, 0.0002325502864550799, 6.079655122448457e-06, 0.00012420836719684303, 0.0008669908274896443)

* * * * * * * * * * * * * * * * * * * * * * * * * * * * * * * * *

|D| : 1000, |D_0| : 999, |D_1| : 1000
N = N_0 = N_1 : 100
Epochs : 200, Batch size : 100
DP STD : 0.05
l_0 : (0.00242475513368845, 0.0015687552513554692, 0.03508071228861809, 0.6359288096427917, 0.18575003743171692, 0.27479708194732666, 0.18731391429901123, 0.05367245897650719, 0.030443888157606125, 0.062310755252838135, 0.018716514110565186, 0.03865174949169159, 0.0050276280380785465, 0.005764526780694723, 0.029007596895098686, 0.15903137624263763, 0.08506890386343002, 0.0030187058728188276, 0.01029880065470934, 0.00546947680413723, 0.019315367564558983, 0.009468411095440388, 0.015038098208606243, 0.007163435686379671, 0.018798761069774628, 0.005142793525010347, 0.022219983860850334, 0.007839862257242203, 0.07235275208950043, 0.0020309314131736755, 0.07390986382961273, 0.18979395925998688, 0.15490557253360748, 0.022021295502781868, 0.018858423456549644, 0.2622528076171875, 0.13184992969036102, 0.039587751030921936, 1.5935301780700684, 0.1662173867225647, 0.0390642024576664, 0.007624808698892593, 0.062116291373968124, 0.012900114990770817, 0.0012507957872003317, 0.043755918741226196, 0.17086246609687805, 0.006701020989567041, 0.0007279845303855836, 0.43595612049102783, 0.06507620960474014, 0.041390564292669296, 0.05431578680872917, 0.04074916988611221, 0.004724767524749041, 0.03365003690123558, 0.33432626724243164, 0.01623247005045414, 0.08227569609880447, 0.07248159497976303, 0.026040781289339066, 0.09571824967861176, 0.002757082926109433, 0.07051707804203033, 0.04455707594752312, 0.06390392035245895, 0.0036770368460565805, 0.012078125961124897, 0.002205798402428627, 0.11418375372886658, 0.05485375598073006, 0.12331575900316238, 0.024183174595236778, 0.007161424029618502, 0.6547468900680542, 0.09694744646549225, 0.01266060397028923, 0.01944316364824772, 0.0026770727708935738, 0.02648923173546791, 0.0278092660009861, 0.011961636133491993, 0.11804769933223724, 0.057633694261312485, 0.055977411568164825, 0.016516271978616714, 0.09213963150978088, 0.02493935078382492, 0.012417033314704895, 0.018114840611815453, 0.0986115038394928, 0.04926661401987076, 0.05320258066058159, 0.002885703928768635, 0.007162370719015598, 0.16890932619571686, 0.020644666627049446, 0.020151644945144653, 0.00028832571115344763, 0.006973452400416136)
l_1 : (0.023265130817890167, 0.0006079017766751349, 0.0065340446308255196, 0.01933150365948677, 0.012599511072039604, 0.0006517431465908885, 0.004733784589916468, 0.001615410903468728, 0.007828152738511562, 0.10892283916473389, 0.2285892516374588, 0.00784672237932682, 0.11642280966043472, 0.015071682631969452, 0.2893911898136139, 0.0075427028350532055, 0.0010008569806814194, 0.005081713665276766, 0.027028338983654976, 0.023353060707449913, 0.0006531727267429233, 0.003969647455960512, 0.011946323327720165, 0.11864054948091507, 0.026435131207108498, 0.020957687869668007, 0.013071914203464985, 0.1660618931055069, 0.011679367162287235, 0.11256162077188492, 0.00039104922325350344, 0.018116949126124382, 0.0013043713988736272, 0.0027826419100165367, 0.0012646066024899483, 0.001562208984978497, 0.023497922345995903, 0.0006101653561927378, 0.0009059377480298281, 0.005319725722074509, 0.001026222831569612, 0.02142265997827053, 0.06026260927319527, 0.005826394539326429, 0.7060458064079285, 0.09402777254581451, 0.03250964730978012, 0.0008245882345363498, 0.04909694939851761, 0.0021561963949352503, 0.009010368958115578, 0.001064806361682713, 0.002229587407782674, 0.00645362539216876, 0.004366506822407246, 0.001456629834137857, 0.0018582948250696063, 0.04444145783782005, 0.026517093181610107, 0.00466045830398798, 0.0251099094748497, 0.0282988753169775, 0.2551809847354889, 0.07435937970876694, 0.010926535353064537, 0.017644580453634262, 0.0020787552930414677, 0.0003326578007545322, 0.03296167030930519, 0.030857427045702934, 0.012830915860831738, 0.013513869605958462, 0.001096005435101688, 0.013936585746705532, 1.3432732820510864, 0.0058562601916491985, 0.009442668408155441, 0.08939142525196075, 0.0016164820408448577, 0.010606937110424042, 0.00745017733424902, 0.007474078331142664, 0.016290292143821716, 0.002648300724104047, 0.008729037828743458, 0.00657573202624917, 0.0019696613308042288, 0.0036629028618335724, 0.000727508042473346, 0.02257913164794445, 0.0008448368753306568, 0.11604339629411697, 0.04273426532745361, 0.0032259589061141014, 0.11488284170627594, 0.04210298880934715, 0.012086605653166771, 0.011929478496313095, 0.016415541991591454, 0.008921169675886631)

* * * * * * * * * * * * * * * * * * * * * * * * * * * * * * * * *

|D| : 1000, |D_0| : 999, |D_1| : 1000
N = N_0 = N_1 : 100
Epochs : 200, Batch size : 100
DP STD : 0.05
l_0 : (0.010155552998185158, 0.14814133942127228, 1.3607420921325684, 0.657559871673584, 0.10267173498868942, 0.16621798276901245, 0.020915543660521507, 0.3339294195175171, 0.14259684085845947, 0.05603579804301262, 0.05358941853046417, 0.0174791868776083, 0.18834583461284637, 0.005254624877125025, 0.033882152289152145, 0.04915301501750946, 0.013717313297092915, 0.01927982084453106, 0.12635941803455353, 0.037752293050289154, 0.11548808962106705, 0.5015851855278015, 0.024204468354582787, 0.019517986103892326, 0.09709793329238892, 0.1487748622894287, 0.0034381584264338017, 0.09741192311048508, 0.09379401057958603, 0.025470228865742683, 0.02283608727157116, 0.102044478058815, 0.18810635805130005, 0.669031023979187, 0.39812377095222473, 0.09349256008863449, 0.5741891264915466, 0.11831896007061005, 2.3072218894958496, 0.5291134715080261, 0.01810629479587078, 0.30290740728378296, 0.022745897993445396, 1.3784834146499634, 0.046850234270095825, 0.12372812628746033, 0.5034863352775574, 0.24938085675239563, 0.01070365309715271, 0.10380270332098007, 0.039685141295194626, 0.04391234368085861, 0.4457622170448303, 0.03278356045484543, 0.07567168772220612, 0.16555358469486237, 0.11259879916906357, 0.01383653748780489, 0.5227345824241638, 0.013900846242904663, 0.034085411578416824, 0.17235828936100006, 1.919057011604309, 1.100003719329834, 0.15613596141338348, 0.03897684067487717, 0.14713652431964874, 0.10359206795692444, 0.03333865851163864, 0.3687605559825897, 0.08143432438373566, 0.021753983572125435, 0.21253931522369385, 0.04373720660805702, 0.48789992928504944, 0.13115842640399933, 0.024907376617193222, 0.05833441764116287, 1.6707795858383179, 0.0852372795343399, 0.0007491880678571761, 0.7462226152420044, 0.15903106331825256, 0.028876733034849167, 0.5086405277252197, 0.019955115392804146, 1.887690544128418, 0.001525192055851221, 0.07467727363109589, 0.14832624793052673, 0.23278549313545227, 0.03877411410212517, 0.23388147354125977, 0.038277674466371536, 0.15559779107570648, 0.062233131378889084, 0.20424732565879822, 0.22716282308101654, 0.15674926340579987, 0.20617161691188812)
l_1 : (0.012076947838068008, 0.026589764282107353, 0.034134719520807266, 0.01511054951697588, 0.02277875877916813, 0.001176380319520831, 0.027234503999352455, 0.03237808868288994, 0.013517751358449459, 0.004082322586327791, 0.014707713387906551, 0.008428478613495827, 0.04470585286617279, 0.01694944128394127, 0.03982800245285034, 0.013974321074783802, 0.06904079020023346, 0.11473522335290909, 0.026268398389220238, 0.014541011303663254, 0.01636570319533348, 0.07143539190292358, 0.006691903341561556, 0.031984806060791016, 0.007375274784862995, 0.1720089614391327, 0.015409460291266441, 0.017332982271909714, 0.0032214433886110783, 0.0022699085529893637, 0.1329726129770279, 0.013079680502414703, 0.015453479252755642, 0.023565689101815224, 0.10214350372552872, 0.019840942695736885, 0.01812092959880829, 0.005837179720401764, 0.09867782145738602, 0.008530487306416035, 0.003903271397575736, 0.2540988624095917, 0.025589222088456154, 0.005510853137820959, 0.001157924416474998, 0.17655524611473083, 0.0037893885746598244, 0.006849263329058886, 0.03469482436776161, 0.07735538482666016, 0.03678411990404129, 0.7593011260032654, 0.05695443972945213, 0.039723750203847885, 0.12728047370910645, 0.07730121165513992, 0.002852183301001787, 0.009857074357569218, 0.011487765237689018, 0.01853596791625023, 0.006070390809327364, 0.10657282918691635, 0.0012549628736451268, 0.011126142926514149, 0.07901378720998764, 0.03773495927453041, 0.012248653918504715, 0.03126652166247368, 0.06687717884778976, 0.029058896005153656, 0.005885651335120201, 0.0018284284742549062, 0.007204623892903328, 0.07096801698207855, 0.013207921758294106, 0.005272530950605869, 0.005750422365963459, 0.019473327323794365, 0.02804853767156601, 0.008367480710148811, 0.07679858803749084, 0.020268235355615616, 0.01327615324407816, 0.055678773671388626, 0.0008773530134931207, 0.4687404930591583, 0.007163317408412695, 0.0027363973204046488, 0.058297645300626755, 0.003926426637917757, 0.03299419581890106, 0.11242303252220154, 0.10588227957487106, 0.0023292573168873787, 0.059682510793209076, 0.2741200625896454, 0.008016199804842472, 0.009131927974522114, 0.09931465238332748, 0.0029572586063295603)

* * * * * * * * * * * * * * * * * * * * * * * * * * * * * * * * *

|D| : 1000, |D_0| : 999, |D_1| : 1000
N = N_0 = N_1 : 100
Epochs : 200, Batch size : 100
DP STD : 0.05
l_0 : (0.0005768066039308906, 0.042910266667604446, 0.00878008734434843, 0.0034147545229643583, 0.0016408802475780249, 0.012399843893945217, 0.10455643385648727, 0.012763123959302902, 0.02896752953529358, 0.0054143453016877174, 0.0010844547068700194, 0.0015657796757295728, 0.00554191367700696, 0.009316186420619488, 0.002955713542178273, 0.00970974937081337, 0.08252819627523422, 0.0036748989950865507, 0.002493369858711958, 0.0007895689341239631, 0.039948735386133194, 0.029362233355641365, 0.002570184413343668, 0.01478148065507412, 0.04841357469558716, 0.055062949657440186, 0.011952919885516167, 0.011212671175599098, 0.13470734655857086, 0.00014911970356479287, 0.0036055336240679026, 0.005829712841659784, 0.001553758280351758, 0.007322023622691631, 0.030674437060952187, 0.004835696425288916, 0.02819979190826416, 0.002314628567546606, 0.056308526545763016, 0.004728564061224461, 0.07069092243909836, 0.002234464045614004, 0.01488249097019434, 0.004000281449407339, 0.0011011258466169238, 0.0012688927818089724, 0.0018898261478170753, 0.049853354692459106, 0.013515045866370201, 0.024328848347067833, 0.00539620453491807, 0.0025674495846033096, 0.02174791693687439, 0.002136925933882594, 0.009839486330747604, 0.024615246802568436, 0.07526178658008575, 0.04851510375738144, 0.0010288427583873272, 0.017146091908216476, 0.006131765432655811, 0.003593180561438203, 0.15680083632469177, 0.032209575176239014, 0.0407610721886158, 0.00764752272516489, 0.008141662925481796, 0.023576050996780396, 0.0024905160535126925, 0.001964426599442959, 0.0012968709925189614, 0.0009157040040008724, 0.0004646890447475016, 0.014849018305540085, 0.03441406413912773, 0.0034487314987927675, 0.0724821537733078, 0.002314628567546606, 0.019464675337076187, 0.0335598960518837, 0.009813988581299782, 0.003330281935632229, 0.005224741064012051, 0.004281995818018913, 0.007151126395910978, 0.0030314228497445583, 0.0016255272785201669, 0.03046608902513981, 0.0005317704635672271, 0.005394663196057081, 0.0059896972961723804, 0.00890214741230011, 0.008306125178933144, 0.03168688341975212, 0.0006810491322539747, 0.012299877591431141, 0.0018675759201869369, 0.03159182891249657, 0.008612985722720623, 0.01322686206549406)
l_1 : (0.007760375738143921, 0.0008301864145323634, 0.003457641461864114, 0.07206229120492935, 0.0013453251449391246, 0.001871978398412466, 0.0009658439084887505, 0.012422214262187481, 0.0037833319511264563, 0.009471126832067966, 0.010130181908607483, 0.018284577876329422, 0.0021469180937856436, 0.002084584441035986, 0.014341495931148529, 0.004572886973619461, 0.18600453436374664, 0.0020190346986055374, 0.011343744583427906, 0.0014990055933594704, 0.01096520945429802, 0.0016746795736253262, 0.0019766809418797493, 0.013759995810687542, 0.0023309222888201475, 0.002414052141830325, 0.0027734884060919285, 0.0032444954849779606, 0.02081385627388954, 0.01371037494391203, 0.04706929996609688, 0.00915791466832161, 0.0028714400250464678, 0.004618690814822912, 0.004560189787298441, 0.005533852614462376, 0.013946224935352802, 0.010552206076681614, 0.0049230074509978294, 0.0014186566695570946, 0.003247347194701433, 0.008329296484589577, 0.0004303721070755273, 0.004726903047412634, 0.0033709153067320585, 0.000846027978695929, 0.0026491330936551094, 0.0075667197816073895, 0.0008961713756434619, 0.013939524069428444, 0.012050094082951546, 0.0064805117435753345, 0.00045622908510267735, 0.01332673616707325, 0.019465845078229904, 0.006291346158832312, 0.0005465444410219789, 0.009345239959657192, 0.007842937484383583, 0.03540685400366783, 0.0022193582262843847, 0.007633563131093979, 0.0062425388023257256, 0.009872537106275558, 0.004987181164324284, 0.009931436739861965, 0.019696015864610672, 0.0039648981764912605, 0.02819063514471054, 0.00038914260221645236, 0.005755282007157803, 0.006278196815401316, 0.003992919810116291, 0.0019752532243728638, 0.008864928036928177, 0.016507476568222046, 0.0212860144674778, 0.0005734706646762788, 0.006972623988986015, 0.012722870334982872, 0.003473560092970729, 0.015464513562619686, 0.009542448446154594, 0.018708791583776474, 0.005414108280092478, 0.9180421233177185, 0.0044459071941673756, 0.0022267326712608337, 0.013014964759349823, 0.5352050065994263, 0.03424312546849251, 0.015799693763256073, 0.0017675028648227453, 0.028069980442523956, 0.00023719835735391825, 0.04574257880449295, 0.07527848333120346, 0.006941607687622309, 0.015347008593380451, 0.00044288364006206393)

* * * * * * * * * * * * * * * * * * * * * * * * * * * * * * * * *

|D| : 1000, |D_0| : 999, |D_1| : 1000
N = N_0 = N_1 : 100
Epochs : 200, Batch size : 100
DP STD : 0.05
l_0 : (1.7357183694839478, 1.3450682163238525, 1.4069173336029053, 0.921072244644165, 1.8554792404174805, 2.29907488822937, 2.4742271900177, 1.5352935791015625, 3.175851345062256, 1.6930173635482788, 1.1567939519882202, 0.6906402707099915, 1.0151724815368652, 3.567291021347046, 2.913329601287842, 1.1016783714294434, 1.3401641845703125, 0.6368318200111389, 1.1111719608306885, 1.9299482107162476, 0.2653822600841522, 0.5342227816581726, 1.8212051391601562, 1.0506739616394043, 2.1729531288146973, 4.226681709289551, 1.4961966276168823, 2.8604888916015625, 3.860278367996216, 1.8515119552612305, 0.9374440312385559, 4.996292591094971, 4.201314926147461, 0.8355093598365784, 1.3811906576156616, 3.2359771728515625, 3.446333885192871, 3.004716396331787, 4.366699695587158, 1.0624091625213623, 2.225536823272705, 3.6794118881225586, 1.6151175498962402, 2.636401414871216, 0.6001191735267639, 1.4668009281158447, 2.891716957092285, 1.3834288120269775, 0.43952617049217224, 1.7628912925720215, 1.0537364482879639, 0.6884451508522034, 1.173223614692688, 2.6690690517425537, 1.1748650074005127, 1.0605125427246094, 2.098651885986328, 3.4598851203918457, 0.9796701669692993, 0.6534545421600342, 1.6581001281738281, 2.8654608726501465, 4.684272766113281, 1.6638566255569458, 1.0825260877609253, 2.436818838119507, 2.5275328159332275, 1.3084346055984497, 3.2003886699676514, 3.432326078414917, 2.5449323654174805, 2.1475846767425537, 0.2916505038738251, 0.5905107259750366, 2.08648943901062, 3.1997263431549072, 4.668281555175781, 1.9367908239364624, 2.335723876953125, 1.2214457988739014, 1.414473056793213, 0.93465256690979, 1.2144527435302734, 1.3632111549377441, 2.1372647285461426, 1.350579023361206, 0.921855092048645, 0.9848451018333435, 2.3846957683563232, 1.3565316200256348, 0.2948334217071533, 0.22311656177043915, 2.4944896697998047, 1.9579812288284302, 1.5077496767044067, 3.7735953330993652, 0.5270329117774963, 3.0891201496124268, 0.769671618938446, 1.575857400894165)
l_1 : (0.09255864471197128, 0.22791141271591187, 0.13152316212654114, 1.0210449695587158, 0.018865207210183144, 0.16122610867023468, 0.05184289067983627, 0.04287383705377579, 0.0482136607170105, 0.6057946681976318, 0.16064324975013733, 0.729474663734436, 0.03770981729030609, 0.07511848211288452, 0.2933162748813629, 0.16372546553611755, 0.10159990936517715, 0.1090635135769844, 0.4057311415672302, 0.10496480762958527, 0.04418269544839859, 0.02042919583618641, 0.7808857560157776, 0.16892634332180023, 0.08924762159585953, 0.23496006429195404, 0.18083474040031433, 0.21674533188343048, 0.21372538805007935, 0.024507304653525352, 0.07886727154254913, 0.1531820297241211, 0.3605581820011139, 0.12488152086734772, 0.03427780047059059, 0.03289926424622536, 0.49680888652801514, 0.29520878195762634, 0.05500146001577377, 0.45016157627105713, 0.19823187589645386, 0.4445149898529053, 0.16298334300518036, 0.22667448222637177, 2.6156740188598633, 0.04852362349629402, 0.26231086254119873, 0.3643534481525421, 0.4321947395801544, 0.5805274248123169, 0.10203984379768372, 0.052226971834897995, 0.2113448828458786, 0.17794249951839447, 0.04691416397690773, 0.30309149622917175, 0.21738608181476593, 0.38327085971832275, 0.09996315091848373, 0.1636798232793808, 0.12998870015144348, 0.2317492812871933, 0.10395538806915283, 0.17704690992832184, 0.14042295515537262, 0.6281378269195557, 0.04427154362201691, 0.055504780262708664, 0.07412595301866531, 0.22998180985450745, 0.13702112436294556, 0.07866223156452179, 0.18446466326713562, 0.2635556161403656, 0.048358261585235596, 0.058324184268713, 0.3353736102581024, 0.11664879322052002, 0.04080066829919815, 0.027792571112513542, 0.25372079014778137, 0.38424286246299744, 0.05131088197231293, 0.06197388842701912, 0.24193578958511353, 0.24712935090065002, 0.040093619376420975, 0.03852603957056999, 0.06579607725143433, 0.08987206965684891, 0.11788211017847061, 0.1515342891216278, 0.19709472358226776, 0.29307568073272705, 0.3276735246181488, 0.13354051113128662, 0.16582266986370087, 0.3936339020729065, 0.15161460638046265, 0.08090034872293472)

* * * * * * * * * * * * * * * * * * * * * * * * * * * * * * * * *

|D| : 1000, |D_0| : 999, |D_1| : 1000
N = N_0 = N_1 : 100
Epochs : 200, Batch size : 100
DP STD : 0.05
l_0 : (4.7801782784517854e-05, 1.1920922133867862e-06, 4.017272294731811e-05, 3.9219088648678735e-05, 0.007817033678293228, 5.960462772236497e-07, 1.1920928244535389e-07, 6.09140915912576e-05, 6.9141146923357155e-06, 7.080780778778717e-05, 2.002696055569686e-05, 1.0847986231965479e-05, 2.1219027985353023e-05, 1.3947389561508317e-05, 7.152555099310121e-07, 2.169585604860913e-05, 4.672895011026412e-05, 2.145764938177308e-06, 8.344646857949556e-07, 0.00014280252798926085, 1.0728830375228426e-06, 0.0015617328463122249, 8.34461570775602e-06, 3.58813522325363e-05, 0.0001515035255579278, 0.00012778419477399439, 4.768370445162873e-07, 7.152555099310121e-07, 4.291525328881107e-06, 2.145764938177308e-06, 2.109982233378105e-05, 3.4689302992774174e-05, 8.940656698541716e-06, 3.2782016205601394e-05, 6.19869097135961e-05, 5.8412379075889476e-06, 0.0003165697562508285, 5.125986263010418e-06, 0.0002547178009990603, 1.4543427823809907e-05, 2.861018856492592e-06, 4.291525328881107e-06, 9.536738616588991e-07, 6.794906312279636e-06, 5.960446742392378e-06, 1.311301275563892e-06, 1.823885577323381e-05, 2.145764938177308e-06, 7.152555099310121e-07, 8.570780482841656e-05, 3.933898824470816e-06, 2.3841855067985307e-07, 7.033323527139146e-06, 3.9219088648678735e-05, 5.722029527532868e-06, 1.3828182090946939e-05, 2.3841855067985307e-07, 0.0, 2.0265558760002023e-06, 1.7881377516459906e-06, 2.3841855067985307e-07, 1.1920928244535389e-07, 7.390948667307384e-06, 5.936446541454643e-05, 1.9788545614574105e-05, 1.9907753085135482e-05, 1.0728830375228426e-06, 1.7165990357170813e-05, 1.311301275563892e-06, 1.1920928244535389e-07, 1.1920922133867862e-06, 7.378782902378589e-05, 3.838465272565372e-05, 6.9141146923357155e-06, 7.152555099310121e-07, 4.8636207793606445e-05, 0.0005685858195647597, 1.0728830375228426e-06, 8.344646857949556e-07, 9.536738616588991e-07, 2.634490556374658e-05, 2.145764938177308e-06, 2.1815061700181104e-05, 1.6689286894688848e-06, 1.9073468138230965e-06, 1.5497195136049413e-06, 1.7881377516459906e-06, 1.4305104514278355e-06, 0.00013219437096267939, 1.680836794548668e-05, 1.6689286894688848e-06, 2.0265558760002023e-06, 4.8397800128441304e-05, 2.50339189733495e-06, 9.536738616588991e-07, 4.327203714638017e-05, 7.152555099310121e-07, 1.5497195136049413e-06, 0.0001532914029667154, 1.5497195136049413e-06)
l_1 : (7.521823135903105e-05, 8.344646857949556e-07, 0.0006113567505963147, 2.3841855067985307e-07, 4.0531076592742465e-06, 1.5497195136049413e-06, 7.152555099310121e-07, 7.152555099310121e-07, 1.7762025890988298e-05, 9.059865078597795e-06, 7.152555099310121e-07, 2.3841855067985307e-07, 3.3378546504536644e-06, 0.00010263393050990999, 1.3947389561508317e-05, 9.536738616588991e-07, 0.0006355411605909467, 4.172316494077677e-06, 7.521823135903105e-05, 2.145764938177308e-06, 1.4305104514278355e-06, 2.3841855067985307e-07, 5.125986263010418e-06, 1.8715683836489916e-05, 7.390948667307384e-06, 5.8412379075889476e-06, 0.0, 0.00011514954530866817, 6.437280717364047e-06, 8.344646857949556e-07, 3.3378546504536644e-06, 5.960462772236497e-07, 3.576278118089249e-07, 3.933898824470816e-06, 9.65590606938349e-06, 4.351044481154531e-05, 2.264974000354414e-06, 2.3841855067985307e-07, 9.775113539944869e-06, 1.3351351299206726e-05, 2.3007127310847864e-05, 7.033323527139146e-06, 1.07287787614041e-05, 2.50339189733495e-06, 7.033323527139146e-06, 4.768370445162873e-07, 1.311301275563892e-06, 1.5497195136049413e-06, 8.22540732769994e-06, 4.291525328881107e-06, 2.622600959512056e-06, 0.0006434039096347988, 0.00010466027742950246, 9.417489309271332e-06, 2.3841855067985307e-07, 9.894321920000948e-06, 1.7523612768854946e-05, 7.867782187531702e-06, 1.645074735279195e-05, 1.0728830375228426e-06, 1.8596476365928538e-05, 5.364403477869928e-06, 3.814689989667386e-06, 1.6689160474925302e-05, 1.1920928244535389e-07, 0.0004070168943144381, 1.0251946150674485e-05, 2.3841855067985307e-07, 0.0, 0.00010215714428341016, 5.960462772236497e-07, 5.960462772236497e-07, 6.723177648382261e-05, 7.152531907195225e-06, 0.0001971527235582471, 5.364403477869928e-06, 9.536697689327411e-06, 2.50339189733495e-06, 9.894321920000948e-06, 6.079655122448457e-06, 0.00010322991875000298, 3.0397906812140718e-05, 2.7418097943154862e-06, 2.3483953555114567e-05, 1.5497195136049413e-06, 5.960462772236497e-07, 5.006777428206988e-06, 1.9192511899746023e-05, 6.532455881824717e-05, 8.964136941358447e-05, 0.0005915798828937113, 0.0002015625941567123, 4.172316494077677e-06, 4.768370445162873e-07, 3.576278118089249e-07, 5.364403477869928e-06, 9.775113539944869e-06, 8.606540359323844e-05, 8.344646857949556e-07, 3.838465272565372e-05)

* * * * * * * * * * * * * * * * * * * * * * * * * * * * * * * * *

|D| : 1000, |D_0| : 999, |D_1| : 1000
N = N_0 = N_1 : 100
Epochs : 200, Batch size : 100
DP STD : 0.05
l_0 : (0.0007595514762215316, 0.0002215855201939121, 9.48860906646587e-05, 0.00013815402053296566, 2.253030106658116e-05, 2.8609820219571702e-05, 0.002172017004340887, 3.4570634852570947e-06, 4.768258077092469e-05, 0.0004876854654867202, 4.434487345861271e-05, 0.0006820021662861109, 3.790783375734463e-05, 9.095255518332124e-05, 3.611976353568025e-05, 0.00018821375851985067, 0.0005942009738646448, 3.2305197237292305e-05, 4.005352093372494e-05, 2.3245540432981215e-05, 1.4424220353248529e-05, 0.00014006110723130405, 0.0005197366117499769, 3.766942609217949e-05, 0.00014900050882715732, 4.851700214203447e-05, 0.0017603629967197776, 0.0006493605324067175, 0.0002090712368953973, 2.8609820219571702e-05, 9.154854342341423e-05, 0.00013624693383462727, 0.0005144941387698054, 0.0012440093560144305, 8.487341256113723e-05, 0.00033778208307921886, 0.0004884004010818899, 7.962863310240209e-05, 0.0001289761275984347, 0.0001599660754436627, 0.0003545847721397877, 0.0003743662964552641, 2.992108420585282e-05, 3.814624506048858e-05, 0.0005211663665249944, 0.00011967896716669202, 0.0004683827864937484, 0.0001716466504149139, 0.0002648479712661356, 0.0001419681793777272, 0.00012516192509792745, 0.00019810620869975537, 0.000176652567461133, 0.0002150304353563115, 0.0002915434306487441, 9.63164638960734e-05, 4.255681051290594e-05, 4.470248313737102e-05, 0.00036244976217858493, 0.00021824838768225163, 8.761498611420393e-05, 3.9934315282152966e-05, 3.802703940891661e-05, 0.00031013446277938783, 8.11782301752828e-05, 6.997340824455023e-05, 0.00039057256071828306, 0.00047755756531842053, 0.0008671099785715342, 1.0967194612021558e-05, 0.00027581225731410086, 2.3841574147809297e-05, 1.6927575416048057e-05, 0.0012527006911113858, 5.4834770708112046e-05, 0.0001045410826918669, 0.00012563870404846966, 0.00029952809563837945, 0.0004207202873658389, 4.1960789531003684e-05, 2.6464111215318553e-05, 0.0014731755945831537, 0.0001323135511483997, 0.00019202772818971425, 0.00044550508027896285, 0.0003967689990531653, 2.3245540432981215e-05, 6.532455881824717e-05, 6.949660019017756e-05, 1.5735502529423684e-05, 8.22540732769994e-06, 0.00017152745567727834, 0.00013243274588603526, 0.0009153467253781855, 9.298280929215252e-06, 0.00022980909852776676, 0.0009868042543530464, 0.0002658013836480677, 2.1576648578047752e-05, 0.002488494385033846)
l_1 : (5.8887653722194955e-05, 0.00011407678539399058, 1.2040065485052764e-05, 1.764281842042692e-05, 4.386805812828243e-05, 7.557583012385294e-05, 4.2437604861333966e-05, 9.965400386136025e-05, 1.0609570381348021e-05, 0.00010239553375868127, 3.814689989667386e-06, 0.0007855190197005868, 2.5748875486897305e-05, 3.504691630951129e-05, 0.0007750368095003068, 6.949660019017756e-05, 4.8040190449682996e-05, 6.580135959666222e-05, 5.245195097813848e-06, 0.0004606377915479243, 0.0001045410826918669, 1.9192511899746023e-05, 2.0503786799963564e-05, 8.272782724816352e-05, 8.67805938469246e-05, 6.794906312279636e-06, 1.883488948806189e-05, 0.00011407678539399058, 3.504691630951129e-05, 0.00040463366894982755, 0.00018106251081917435, 0.0004107108688913286, 0.0004191712068859488, 0.0003685271949507296, 0.00010442188795423135, 5.495397272170521e-05, 9.16677454370074e-05, 2.539125671319198e-05, 6.8662193370983e-05, 0.0002812943421304226, 0.00013529339048545808, 9.798523387871683e-05, 2.7417760065873154e-05, 9.572047565598041e-05, 0.0002812943421304226, 5.543078441405669e-05, 0.00024232311989180744, 8.83301836438477e-05, 0.0002040654799202457, 9.60780744208023e-05, 0.00010632903286023065, 0.00021431533969007432, 9.107174992095679e-05, 0.0022948854602873325, 0.0005289109540171921, 1.1324817933200393e-05, 3.635817120084539e-05, 0.00013731967192143202, 9.97731985989958e-05, 7.56950321374461e-05, 2.253030106658116e-05, 0.0007619338575750589, 0.0008529362385161221, 0.00016544880054425448, 2.3007127310847864e-05, 7.748573807475623e-06, 7.962863310240209e-05, 0.00025245340657420456, 3.4689302992774174e-05, 0.0005844315164722502, 0.0001250427303602919, 0.00017295771976932883, 0.0001928620331455022, 0.00014709345123264939, 4.875540980719961e-05, 8.427741704508662e-05, 7.748303323751315e-05, 0.0002127659390680492, 1.5139465176616795e-05, 0.00025054652360267937, 0.0007115454645827413, 4.136476854910143e-05, 3.755022044060752e-05, 0.0024839758407324553, 2.2291887944447808e-05, 0.00015352977789007127, 0.0008654424455016851, 0.00035148640745319426, 0.0002675890573300421, 0.0004505096294451505, 0.0013341344892978668, 6.0437283536884934e-05, 0.000256982195423916, 6.735097849741578e-05, 8.964136941358447e-05, 2.0146166207268834e-05, 1.0251946150674485e-05, 0.00011359999916749075, 1.8596476365928538e-05, 0.00036900385748595)

* * * * * * * * * * * * * * * * * * * * * * * * * * * * * * * * *

|D| : 1000, |D_0| : 999, |D_1| : 1000
N = N_0 = N_1 : 100
Epochs : 200, Batch size : 100
DP STD : 0.05
l_0 : (0.008070005103945732, 0.004802240990102291, 0.023491285741329193, 0.0371335968375206, 0.04462753236293793, 0.0003875934926327318, 0.08583907037973404, 0.005148841999471188, 0.0031125929672271013, 0.0037181309890002012, 0.08716557919979095, 0.06544005870819092, 0.0024458037223666906, 0.0028746493626385927, 0.001719426247291267, 0.0062978616915643215, 0.01076509803533554, 0.005365969613194466, 0.00718107121065259, 0.023212019354104996, 0.9817502498626709, 0.0029444219544529915, 0.15958304703235626, 0.003144084708765149, 0.002756131812930107, 0.01141811441630125, 0.0021641661878675222, 0.00038795097498223186, 0.07192973792552948, 0.010859321802854538, 0.002736159600317478, 0.01902627944946289, 0.0038870032876729965, 0.01227644458413124, 0.0010068115079775453, 0.006998312193900347, 0.007482715882360935, 0.005003312602639198, 0.0010782625759020448, 0.06110919639468193, 0.0033976465929299593, 0.05962613224983215, 0.07712840288877487, 0.1536513715982437, 0.012699565850198269, 0.026133691892027855, 0.007151363417506218, 0.3681650459766388, 0.009493917226791382, 0.0005329619161784649, 0.0007862337515689433, 0.04283808916807175, 0.030394278466701508, 0.0014843647368252277, 0.0051623620092868805, 0.017346806824207306, 0.014021812006831169, 0.00013696208770852536, 0.21383783221244812, 0.0003741279651876539, 0.04483910650014877, 0.10871905088424683, 0.06706526130437851, 0.0028385131154209375, 0.006378648802638054, 0.021467814221978188, 0.0015923213213682175, 0.3771064877510071, 0.01591796614229679, 0.2672893702983856, 0.0013044904917478561, 0.013130155391991138, 0.017037341371178627, 0.004474864806979895, 0.008504010736942291, 0.0011654258705675602, 0.01412548590451479, 0.011648967862129211, 0.005917529575526714, 1.7612720727920532, 0.014357124455273151, 0.08801208436489105, 0.1582670360803604, 0.004411014262586832, 0.009358939714729786, 0.051746901124715805, 0.04147028177976608, 0.05176308751106262, 0.03384343162178993, 0.0022903657518327236, 0.00789734348654747, 0.01900510862469673, 0.012821264564990997, 0.0068350560031831264, 0.0021900972351431847, 0.0008476955117657781, 0.14448635280132294, 0.006077381316572428, 0.014527969993650913, 0.08698102831840515)
l_1 : (0.24823904037475586, 0.013641937635838985, 0.022032257169485092, 0.0008354272576980293, 0.0018252156442031264, 0.01623833365738392, 0.012018410488963127, 0.0028865360654890537, 0.0046002985909581184, 0.0115015534684062, 0.03584560379385948, 0.02183982916176319, 0.011604898609220982, 0.001711095916107297, 0.0028917661402374506, 0.006090888753533363, 0.009511039592325687, 0.007976463995873928, 0.0011824527755379677, 0.013262271881103516, 0.004994297865778208, 0.00542679475620389, 0.0005681092734448612, 0.038305096328258514, 0.0025794587563723326, 0.11743350327014923, 0.06587743759155273, 0.006783077958971262, 0.010254436172544956, 0.0030820509418845177, 0.003668603952974081, 0.005587080493569374, 0.0005750194541178644, 0.01610262133181095, 0.001869836589321494, 0.0026903883554041386, 0.0037244257982820272, 0.009089047089219093, 0.010203579440712929, 0.002839939668774605, 0.021098695695400238, 0.08116693049669266, 0.0014805557439103723, 0.003794020274654031, 0.005764763802289963, 0.004275704734027386, 0.01467623095959425, 0.04152529314160347, 0.01457132212817669, 0.0021063541062176228, 0.0008667526417411864, 0.0007924277451820672, 0.014486142434179783, 0.0031825865153223276, 0.001156733720563352, 0.0010080024367198348, 0.01152559369802475, 0.0006677066558040679, 0.01437956839799881, 0.004034475889056921, 0.013377198949456215, 0.00117649941239506, 0.005732287652790546, 0.0024534144904464483, 0.00405644066631794, 0.007158701773732901, 0.009114563465118408, 0.0001209901092806831, 0.063224658370018, 0.002201516181230545, 0.03270280361175537, 0.0011177966371178627, 0.000536655425094068, 0.004279859364032745, 0.004249827936291695, 0.0006435230607166886, 0.02091110870242119, 0.010147410444915295, 0.00023231192608363926, 0.10168088972568512, 0.07262450456619263, 0.02143736183643341, 0.013831834308803082, 0.016473354771733284, 0.0010846928926184773, 0.007525428663939238, 0.013896849006414413, 0.0033968151547014713, 0.003885103389620781, 0.0003466005437076092, 0.017502615228295326, 0.0438370443880558, 0.005377708002924919, 0.002022841712459922, 0.0032854885794222355, 0.0012807984603568912, 0.005062025040388107, 0.0030126445926725864, 0.0368608757853508, 0.0034559781197458506)

* * * * * * * * * * * * * * * * * * * * * * * * * * * * * * * * *

|D| : 1000, |D_0| : 999, |D_1| : 1000
N = N_0 = N_1 : 100
Epochs : 200, Batch size : 100
DP STD : 0.05
l_0 : (2.4676019165781327e-05, 0.0005049622268415987, 0.001416156766936183, 1.811964830267243e-05, 9.047575440490618e-05, 0.00039867559098638594, 0.005802453961223364, 0.0005449955351650715, 0.0001597276859683916, 0.0001225396408699453, 1.5616295058862306e-05, 6.758938252460212e-05, 8.082063141046092e-05, 1.2874520507466514e-05, 8.642300235806033e-05, 1.5497195136049413e-06, 0.0008457897347398102, 0.00025185750564560294, 0.0017713108099997044, 0.00017498392844572663, 0.0005445189890451729, 0.00010549465514486656, 0.0001911934232339263, 0.0003196682082489133, 0.00020108585886191577, 0.00535221491008997, 0.0016933638835325837, 3.7431014789035544e-05, 7.188061863416806e-05, 2.9801878554280847e-05, 7.486063259420916e-05, 0.0030103863682597876, 0.00043394684325903654, 0.0007440659101121128, 9.893881360767409e-05, 0.005033202935010195, 0.0037041164468973875, 0.00011872540198964998, 3.135155202471651e-05, 0.0003922408213838935, 0.00036090059438720345, 0.00022063204960431904, 7.390703103737906e-05, 1.4305012882687151e-05, 8.987976616481319e-05, 6.198863957251888e-06, 8.618460560683161e-05, 0.0001292145170737058, 1.1086402082582936e-05, 2.407998726994265e-05, 0.008106780238449574, 3.313963316031732e-05, 0.00011622230522334576, 0.00118900160305202, 0.0007091629668138921, 0.00013457823661156, 3.93382906622719e-05, 0.00016664070426486433, 3.790783375734463e-05, 0.0002019201492657885, 0.00013684290752280504, 0.0003296785580459982, 0.01500568725168705, 0.00018249277491122484, 0.0008848565630614758, 0.0004906642716377974, 0.00016223068814724684, 0.00030620177858509123, 8.821448318485636e-06, 4.970903682988137e-05, 0.004625335801392794, 0.0015323336701840162, 0.004707326181232929, 3.6000557884108275e-05, 3.9457496313843876e-05, 4.6491513785440475e-06, 0.000519617460668087, 0.00012194366718176752, 1.9073304429184645e-05, 0.001023007556796074, 0.000444551813416183, 7.247662142617628e-05, 0.0013231817865744233, 2.5152843591058627e-05, 4.172238186583854e-05, 0.0004782725009135902, 0.0003516055876389146, 0.0004866131057497114, 9.417489309271332e-06, 0.009081014432013035, 0.0013230626937001944, 0.0003688847064040601, 3.373566141817719e-05, 0.00020811776630580425, 0.005158092360943556, 2.3007127310847864e-05, 0.00010489867418073118, 0.0033276681788265705, 0.0036808375734835863, 0.00020704510097857565)
l_1 : (0.003002661047503352, 8.689979586051777e-05, 1.966933996300213e-05, 0.0003108495147898793, 1.6093124941107817e-05, 0.0014455594355240464, 1.0728830375228426e-06, 0.0006173135479912162, 0.0002961912250611931, 0.0005442806868813932, 6.270212179515511e-05, 6.0794889577664435e-05, 0.007474551908671856, 3.6954195820726454e-05, 0.002861930523067713, 0.00035148640745319426, 0.0012204349040985107, 0.0015588762471452355, 0.0018866135505959392, 1.1920928244535389e-07, 0.00014053787162993103, 6.0437283536884934e-05, 0.0011754278093576431, 0.0009210634743794799, 0.0026496085338294506, 0.0003524397616274655, 0.0002426806604489684, 2.2649508537142538e-05, 4.410646579344757e-05, 6.496695277746767e-05, 0.0005342725198715925, 0.0019023193744942546, 2.753696753643453e-05, 1.9073468138230965e-06, 0.00035851728171110153, 0.0003880701260641217, 2.7417760065873154e-05, 0.000248401309363544, 2.9802276912960224e-06, 2.4318398573086597e-05, 0.0001770101225702092, 0.00010048838157672435, 0.00018559163436293602, 1.311301275563892e-06, 0.00021407696476671845, 0.00026973424246534705, 0.00011181206355104223, 0.00012611546844709665, 0.0007277462864294648, 3.981510963058099e-05, 0.0005379660287871957, 5.722029527532868e-06, 0.00043406602344475687, 0.0009764432325027883, 8.106198947643861e-06, 3.075552376685664e-05, 0.0013572300085797906, 0.0007500219508074224, 0.0008278042078018188, 0.0007320346776396036, 0.00199167151004076, 2.50339189733495e-06, 0.0011043408885598183, 0.00039295581518672407, 0.00030989613151177764, 0.024520214647054672, 0.0012299600057303905, 1.311301275563892e-06, 0.000949885172303766, 0.004575734958052635, 0.00012933371181134135, 5.578839045483619e-05, 1.168244216387393e-05, 0.000418575422372669, 8.689979586051777e-05, 5.054346183896996e-05, 0.00040904260822571814, 0.00022492263815365732, 1.4305012882687151e-05, 9.63164638960734e-05, 8.702239938429557e-06, 3.194758028257638e-05, 0.015727410092949867, 0.0059071010909974575, 0.00038020533975213766, 0.012941067107021809, 0.00026806574896909297, 1.9430925021879375e-05, 2.50339189733495e-06, 1.0371154530730564e-05, 0.0001774868869688362, 0.00018094333063345402, 3.182837463100441e-05, 2.4199192921514623e-05, 0.0009104635682888329, 1.1444026313256472e-05, 6.222531374078244e-05, 0.0027908445335924625, 2.372236667724792e-05, 0.00022480344341602176)

* * * * * * * * * * * * * * * * * * * * * * * * * * * * * * * * *

|D| : 1000, |D_0| : 999, |D_1| : 1000
N = N_0 = N_1 : 100
Epochs : 200, Batch size : 100
DP STD : 0.05
l_0 : (0.030097732320427895, 0.056038618087768555, 0.18137522041797638, 0.02210875041782856, 0.07417211681604385, 0.04211258888244629, 0.026764798909425735, 0.00808644201606512, 0.07684054225683212, 0.06672085076570511, 0.11684650927782059, 0.05082550272345543, 0.35464099049568176, 0.024493228644132614, 0.00999363698065281, 0.006804272066801786, 0.012650834396481514, 0.4762270748615265, 0.1981961876153946, 0.04728638380765915, 0.04761425033211708, 0.040310848504304886, 0.2291194051504135, 0.02189651131629944, 0.003607434220612049, 0.01872446946799755, 0.009431213140487671, 0.018068598583340645, 0.023543916642665863, 0.08111537992954254, 0.004443058744072914, 0.04890727624297142, 0.0948653444647789, 0.025120604783296585, 0.2245265692472458, 0.04479089006781578, 0.058092497289180756, 0.03816821426153183, 0.047337207943201065, 0.003504090243950486, 0.022976480424404144, 0.21839942038059235, 0.16348882019519806, 0.5900698304176331, 0.21812543272972107, 0.00674270186573267, 0.021140247583389282, 0.0731530487537384, 0.005131408106535673, 0.043061573058366776, 0.03339584544301033, 0.0060733528807759285, 0.18975983560085297, 0.016291817650198936, 0.015490805730223656, 0.06708934158086777, 0.15670207142829895, 0.2125958949327469, 0.0018510365625843406, 0.02773900330066681, 0.016967490315437317, 0.038346629589796066, 0.0615360327064991, 0.11954990029335022, 0.28825539350509644, 0.13473942875862122, 0.03879234939813614, 0.3593609929084778, 0.045436423271894455, 0.015184757299721241, 0.1309717744588852, 0.2794143557548523, 0.018947793170809746, 0.044977813959121704, 0.0039552804082632065, 0.038300853222608566, 0.04083271324634552, 0.13585282862186432, 0.21434296667575836, 0.06446950137615204, 0.013492112047970295, 0.0276322104036808, 0.014537251554429531, 0.005402488633990288, 0.03947361931204796, 0.012679791077971458, 0.002481478499248624, 0.01771707832813263, 0.08525928109884262, 0.005002363584935665, 0.10339407622814178, 0.003607077756896615, 0.014776195399463177, 0.03516266122460365, 0.0007078525959514081, 0.06358246505260468, 0.024055052548646927, 0.013370376080274582, 0.037090983241796494, 0.008961694315075874)
l_1 : (0.008145801723003387, 0.003468214301392436, 0.012586208991706371, 0.007191959768533707, 0.0061449166387319565, 0.013342851772904396, 0.09766732901334763, 0.011689028702676296, 0.032891999930143356, 0.21224963665008545, 0.03730404004454613, 0.000692961853928864, 0.011304494924843311, 0.010356612503528595, 0.041125521063804626, 0.0032610115595161915, 0.03532366082072258, 0.0010194348869845271, 0.01017844583839178, 0.02372646890580654, 0.014596346765756607, 0.001522811478935182, 0.0024706574622541666, 0.0022657455410808325, 0.011484936811029911, 0.0046568987891077995, 0.032751720398664474, 0.20337575674057007, 0.011493539437651634, 0.0053983391262590885, 0.01500921044498682, 0.005441615357995033, 0.014983491972088814, 0.058287184685468674, 0.011602071113884449, 0.026757486164569855, 0.031430575996637344, 0.026477506384253502, 0.005846779327839613, 0.031162068247795105, 0.007528386544436216, 0.004528267774730921, 0.030119363218545914, 0.07033564895391464, 0.008852521888911724, 0.06096833571791649, 0.2530161142349243, 0.20327332615852356, 0.018329055979847908, 0.003391112433746457, 0.011689146980643272, 0.06785086542367935, 0.009694283828139305, 0.022580763325095177, 0.001207337831147015, 0.042949095368385315, 0.002393121598288417, 0.011221393942832947, 0.013122742995619774, 0.022534610703587532, 0.013033909723162651, 0.019336648285388947, 0.055272214114665985, 0.07229087501764297, 0.0703074261546135, 0.005869296845048666, 0.008517367765307426, 0.09886790066957474, 0.0035499429795891047, 0.04408015310764313, 0.0504470020532608, 0.0025148927234113216, 0.008645840920507908, 0.005409721285104752, 0.003882015822455287, 0.09145241975784302, 0.038975007832050323, 0.0011464934796094894, 0.029762335121631622, 0.023750217631459236, 0.024028286337852478, 0.05498047545552254, 0.0199919231235981, 0.32355713844299316, 0.015071095898747444, 0.0055321925319731236, 0.015659814700484276, 0.13216856122016907, 0.015517684631049633, 0.06349240988492966, 0.06456796824932098, 0.006167664658278227, 0.009913260117173195, 0.22249913215637207, 0.03638877347111702, 0.009851762093603611, 0.008220290765166283, 0.003973803482949734, 0.0018635302549228072, 0.02415303699672222)

* * * * * * * * * * * * * * * * * * * * * * * * * * * * * * * * *

|D| : 1000, |D_0| : 999, |D_1| : 1000
N = N_0 = N_1 : 100
Epochs : 200, Batch size : 100
DP STD : 0.05
l_0 : (1.2450706958770752, 1.092626690864563, 3.984078884124756, 0.7340388298034668, 1.277952790260315, 0.868722677230835, 0.6415202617645264, 0.3303609788417816, 2.5234172344207764, 1.210855484008789, 2.1104719638824463, 4.910585880279541, 0.2291123867034912, 1.6278679370880127, 0.5056147575378418, 2.2317516803741455, 0.6292856931686401, 1.354151964187622, 1.8197215795516968, 1.3898249864578247, 1.034679651260376, 1.2366043329238892, 0.4821399450302124, 0.19035513699054718, 0.3615737855434418, 0.7945732474327087, 2.2083213329315186, 2.8785977363586426, 0.5338555574417114, 1.6804202795028687, 0.3508453667163849, 2.356010675430298, 3.2427122592926025, 2.1709213256835938, 1.0200433731079102, 2.876509189605713, 2.1447737216949463, 1.7540132999420166, 1.6982043981552124, 1.3341186046600342, 1.1523237228393555, 1.518571138381958, 0.7657232284545898, 2.4835352897644043, 2.163477659225464, 0.22655121982097626, 2.411430835723877, 0.9818512797355652, 0.2571851313114166, 2.0511300563812256, 0.9269766211509705, 2.413355827331543, 1.521911859512329, 1.0202229022979736, 3.0893399715423584, 0.7113308310508728, 3.0353150367736816, 1.6012945175170898, 0.8048529028892517, 0.5738687515258789, 2.6999783515930176, 0.3616686761379242, 1.0278124809265137, 1.7763532400131226, 2.201664924621582, 1.179286241531372, 2.3167033195495605, 0.916394829750061, 1.6332913637161255, 1.4972007274627686, 0.42049938440322876, 1.5694893598556519, 1.452853798866272, 1.3137954473495483, 0.1687297821044922, 2.2200396060943604, 0.36162975430488586, 1.3129075765609741, 1.7791820764541626, 1.164006233215332, 1.4362525939941406, 0.28725364804267883, 1.8794853687286377, 3.6535589694976807, 1.4099152088165283, 1.6486600637435913, 1.0756471157073975, 0.6471863389015198, 0.9419671297073364, 1.039316177368164, 1.910611867904663, 1.5970380306243896, 0.42417100071907043, 3.493572950363159, 0.4542717933654785, 0.22654229402542114, 1.881052017211914, 0.9635950326919556, 1.533228874206543, 1.7858726978302002)
l_1 : (0.2595770061016083, 0.15937539935112, 0.021487299352884293, 0.7611162066459656, 0.0775882750749588, 0.20987074077129364, 0.5091136693954468, 0.31259945034980774, 0.0999249666929245, 0.03654107078909874, 0.1859927475452423, 0.009991749189794064, 0.011070497334003448, 0.1486080139875412, 0.015533647499978542, 0.030283721163868904, 0.14697249233722687, 0.0044615729711949825, 0.04725181683897972, 0.02710050716996193, 0.1817762702703476, 0.11443682760000229, 0.021748151630163193, 0.052224140614271164, 0.4931495189666748, 0.013283917680382729, 0.04839267581701279, 0.0013454442378133535, 0.02360527589917183, 0.12975534796714783, 0.04100916534662247, 0.07469110190868378, 0.38848060369491577, 0.008135632611811161, 0.38294798135757446, 0.0489283911883831, 0.022339247167110443, 0.17800167202949524, 0.016953542828559875, 0.031723953783512115, 0.058127254247665405, 0.15762412548065186, 0.08712679147720337, 0.289956271648407, 1.0862704515457153, 0.021687259897589684, 0.0397944338619709, 0.09228725731372833, 0.1783910095691681, 0.008164956234395504, 0.09699710458517075, 0.010283698327839375, 0.12033509463071823, 0.2056725174188614, 0.03160950168967247, 0.09686305373907089, 0.11220323294401169, 0.05825119838118553, 0.4615895748138428, 0.3505622148513794, 0.6973108053207397, 0.8343642354011536, 0.14460675418376923, 0.26795196533203125, 0.007440829649567604, 0.13224616646766663, 0.03430752083659172, 0.2471759170293808, 0.050394296646118164, 0.06058187410235405, 0.39304447174072266, 0.23692657053470612, 0.0025293997023254633, 0.09631289541721344, 0.23601441085338593, 0.03009125404059887, 0.01774553768336773, 0.1355089396238327, 0.0979628786444664, 0.18515843152999878, 0.05950247123837471, 0.03614988178014755, 0.034329406917095184, 0.007575829979032278, 0.040982961654663086, 0.05913207307457924, 0.006983751896768808, 0.039107419550418854, 0.6189817190170288, 0.006214461755007505, 0.0026216681580990553, 0.0035532689653337, 0.08864472061395645, 0.05193784832954407, 0.3579755425453186, 0.7165562510490417, 0.2578355073928833, 0.1629263311624527, 0.08505456149578094, 0.044994793832302094)

* * * * * * * * * * * * * * * * * * * * * * * * * * * * * * * * *

|D| : 1000, |D_0| : 999, |D_1| : 1000
N = N_0 = N_1 : 100
Epochs : 200, Batch size : 100
DP STD : 0.05
l_0 : (0.8918498754501343, 0.03448259085416794, 0.3344229459762573, 0.04604772850871086, 0.72509765625, 0.00784305576235056, 0.05140238255262375, 0.028146594762802124, 0.9546091556549072, 0.2523648142814636, 0.7949694395065308, 0.6085423827171326, 0.41350215673446655, 0.48426946997642517, 2.0653862953186035, 0.028553323820233345, 0.49717047810554504, 0.644605278968811, 0.0077975173480808735, 0.05525687336921692, 0.1406787931919098, 0.26823168992996216, 0.02195097506046295, 1.7686740159988403, 0.8552378416061401, 0.07783445715904236, 0.5256639719009399, 0.14268377423286438, 4.129888534545898, 0.03346824645996094, 0.5011690258979797, 0.13760408759117126, 0.018699314445257187, 0.0336868055164814, 0.176346093416214, 0.2104666382074356, 0.003975584637373686, 1.708145022392273, 0.5998362898826599, 0.43820127844810486, 0.7543213963508606, 0.05931824445724487, 0.006397600751370192, 0.4359292984008789, 0.28887373208999634, 0.1662604808807373, 0.023647421970963478, 0.31768912076950073, 0.07432606816291809, 0.18363501131534576, 0.4538421034812927, 0.06275543570518494, 0.5571976900100708, 0.020060278475284576, 0.011174476705491543, 0.039605967700481415, 0.6884366273880005, 0.2653621435165405, 0.00679456302896142, 1.2886664867401123, 0.6008985638618469, 0.06647325307130814, 0.7412368655204773, 0.6276203989982605, 0.07642350345849991, 0.012807730585336685, 0.10778363049030304, 1.9329777956008911, 0.311513215303421, 0.1961214691400528, 0.0588078498840332, 0.08510185778141022, 0.008036539889872074, 0.088606096804142, 0.16543447971343994, 0.28510385751724243, 0.15332090854644775, 0.020963873714208603, 0.177695631980896, 1.6910815238952637, 0.6821495294570923, 0.4724408984184265, 0.1757103055715561, 1.0982813835144043, 0.026413535699248314, 0.08241578191518784, 0.23917250335216522, 0.8428070545196533, 0.031065000221133232, 0.8961728811264038, 0.002623332664370537, 0.13388310372829437, 0.013460355810821056, 0.9211314916610718, 0.9604614973068237, 1.3689082860946655, 0.5821145176887512, 0.5895251035690308, 1.4253535270690918, 2.164525032043457)
l_1 : (0.0061219315975904465, 0.08960627019405365, 0.05345732346177101, 0.01079245749861002, 0.0026974028442054987, 0.030826449394226074, 0.002609540708363056, 1.1784086227416992, 0.0023369877599179745, 0.030606571584939957, 0.004425494000315666, 0.05790339782834053, 0.2821478247642517, 0.004805207252502441, 0.0051722051575779915, 0.006320131942629814, 0.00928925909101963, 0.0057487632147967815, 0.01743490621447563, 0.022079600021243095, 0.373847097158432, 0.006259953137487173, 0.03291737660765648, 1.1269296407699585, 0.22376267611980438, 0.24609971046447754, 0.015681995078921318, 0.16017331182956696, 0.005857090000063181, 0.024910515174269676, 0.1911672204732895, 0.004598755855113268, 0.02893892489373684, 0.2484869658946991, 0.008843895979225636, 0.07300601154565811, 0.005406519863754511, 0.0006185048841871321, 0.026337487623095512, 0.03858213126659393, 0.07197532802820206, 0.07832366228103638, 0.0845453068614006, 0.11298888176679611, 0.0657355785369873, 0.08843708783388138, 0.026956280693411827, 0.025168266147375107, 0.11800850182771683, 1.914835810661316, 0.15856219828128815, 0.30055758357048035, 0.01916954666376114, 0.006851749494671822, 0.013823721557855606, 0.10388340055942535, 0.10070879012346268, 0.0012387705501168966, 0.1704156994819641, 0.01512828003615141, 0.008479779586195946, 0.024422848597168922, 0.7218354940414429, 0.003270517336204648, 0.08850190043449402, 0.08124639838933945, 0.03343619778752327, 0.031196387484669685, 0.01032640878111124, 0.004870218690484762, 0.0019767999183386564, 0.007113724015653133, 1.4926598072052002, 0.08394788950681686, 0.0003499372396618128, 0.0026833738666027784, 1.337785005569458, 0.1009206771850586, 1.1528394222259521, 0.1193690076470375, 0.07558248937129974, 0.012058927677571774, 0.029357602819800377, 0.015708280727267265, 0.09875363856554031, 0.39244741201400757, 0.0024535334669053555, 0.043899454176425934, 0.002649489790201187, 0.0014144902816042304, 0.00035470392322167754, 0.0039388942532241344, 0.016328759491443634, 1.4701895713806152, 0.013689562678337097, 0.2505608797073364, 0.0023187913466244936, 0.03245898708701134, 0.0606810562312603, 0.21773698925971985)

* * * * * * * * * * * * * * * * * * * * * * * * * * * * * * * * *

|D| : 1000, |D_0| : 999, |D_1| : 1000
N = N_0 = N_1 : 100
Epochs : 200, Batch size : 100
DP STD : 0.05
l_0 : (0.0, 3.576278118089249e-07, 1.1920922133867862e-06, 1.1920928244535389e-07, 1.6331539882230572e-05, 1.8715683836489916e-05, 2.3841855067985307e-07, 2.9802276912960224e-06, 3.576278118089249e-07, 7.152555099310121e-07, 3.576278118089249e-07, 2.7417760065873154e-05, 9.536738616588991e-07, 3.0636318115284666e-05, 8.34461570775602e-06, 7.867782187531702e-06, 1.9073468138230965e-06, 8.583032467868179e-06, 1.6927575416048057e-05, 1.1920928244535389e-07, 2.396077979938127e-05, 1.0013530300057027e-05, 2.3841855067985307e-07, 2.3841830625315197e-06, 0.0, 8.344646857949556e-07, 0.0, 4.386805812828243e-05, 0.00040820849244482815, 2.7418097943154862e-06, 8.583032467868179e-06, 6.6756979322235566e-06, 1.1920928244535389e-07, 2.145764938177308e-06, 2.9802276912960224e-06, 1.1920928244535389e-07, 0.0001497156627010554, 3.4570634852570947e-06, 5.9126061387360096e-05, 1.9550132492440753e-05, 6.6756979322235566e-06, 1.1920928244535389e-07, 4.887569048150908e-06, 8.594620157964528e-05, 2.3841855067985307e-07, 1.1920928244535389e-07, 7.867782187531702e-06, 0.0, 1.6927575416048057e-05, 0.0, 0.0, 4.0531076592742465e-06, 4.410734163684538e-06, 2.264974000354414e-06, 0.000501983508002013, 1.6689286894688848e-06, 7.152555099310121e-07, 2.3841855067985307e-07, 0.00016556799528189003, 1.9192511899746023e-05, 1.07287787614041e-05, 1.4424220353248529e-05, 4.0649541915627196e-05, 8.106198947643861e-06, 9.536738616588991e-07, 5.125986263010418e-06, 2.3841855067985307e-07, 8.344646857949556e-07, 1.0371154530730564e-05, 1.0847986231965479e-05, 6.198863957251888e-06, 1.4305104514278355e-06, 0.00011860620725201443, 0.0001677133986959234, 0.0, 2.145764938177308e-06, 1.8000440832111053e-05, 1.1920928244535389e-07, 3.3378546504536644e-06, 6.079655122448457e-06, 1.1920928244535389e-07, 7.152555099310121e-07, 2.264974000354414e-06, 7.10462118149735e-05, 3.2186455882765586e-06, 5.578839045483619e-05, 3.6954811548639555e-06, 7.748573807475623e-06, 5.757642793469131e-05, 2.3841855067985307e-07, 0.0, 0.0, 5.960462772236497e-07, 8.106198947643861e-06, 4.529942543740617e-06, 6.437280717364047e-06, 4.23184028477408e-05, 1.9788545614574105e-05, 8.34461570775602e-06, 2.7179348762729205e-05)
l_1 : (5.483612312673358e-06, 2.0265558760002023e-06, 9.775113539944869e-06, 1.823885577323381e-05, 1.1920922133867862e-06, 9.298280929215252e-06, 9.775113539944869e-06, 1.1920928244535389e-07, 1.0728830375228426e-06, 1.311301275563892e-06, 1.7881377516459906e-06, 6.198863957251888e-06, 6.305972783593461e-05, 2.3841830625315197e-06, 1.2516897186287679e-05, 7.152555099310121e-07, 1.1920928244535389e-07, 2.7418097943154862e-06, 3.4570634852570947e-06, 8.702239938429557e-06, 0.0, 2.3841830625315197e-06, 1.0728830375228426e-06, 4.029192859889008e-05, 3.576278118089249e-07, 2.50339189733495e-06, 7.962863310240209e-05, 0.00011669908417388797, 7.152531907195225e-06, 3.576278118089249e-07, 7.70062324590981e-05, 7.033323527139146e-06, 3.576278118089249e-07, 1.1920928244535389e-07, 2.50339189733495e-06, 3.218599158572033e-05, 1.0847986231965479e-05, 2.3841855067985307e-07, 2.3841855067985307e-07, 6.318072337307967e-06, 3.099436753473128e-06, 0.00010442188795423135, 4.1126360883936286e-05, 1.311301275563892e-06, 3.1709168979432434e-05, 1.311301275563892e-06, 2.062299427052494e-05, 3.2305197237292305e-05, 1.680836794548668e-05, 0.0, 8.344646857949556e-07, 8.642300235806033e-05, 4.172316494077677e-06, 5.960462772236497e-07, 9.536738616588991e-07, 5.960462772236497e-07, 1.0728830375228426e-06, 1.1920922133867862e-06, 0.0, 1.1920928244535389e-07, 5.960462772236497e-07, 2.4318398573086597e-05, 5.960462772236497e-07, 1.2397689715726301e-05, 2.3841855067985307e-07, 1.4066597032069694e-05, 1.4305104514278355e-06, 3.576278118089249e-07, 2.3841855067985307e-07, 4.0531076592742465e-06, 1.1920928244535389e-07, 7.152555099310121e-07, 7.152555099310121e-07, 1.645074735279195e-05, 0.0027821664698421955, 5.006777428206988e-06, 2.861018856492592e-06, 4.768360213347478e-06, 3.576272320060525e-06, 1.0967194612021558e-05, 5.6980417866725475e-05, 4.768360213347478e-06, 1.1920922133867862e-06, 2.169585604860913e-05, 0.0, 1.1920928244535389e-07, 1.597391747054644e-05, 7.152555099310121e-07, 5.960462772236497e-07, 1.4305104514278355e-06, 0.0, 2.5033637939486653e-05, 0.00032145579461939633, 1.6689286894688848e-06, 1.1920922133867862e-06, 1.3351351299206726e-05, 2.5629668016335927e-05, 5.2689116273541003e-05, 5.94836674281396e-05, 6.305972783593461e-05)

* * * * * * * * * * * * * * * * * * * * * * * * * * * * * * * * *

|D| : 1000, |D_0| : 999, |D_1| : 1000
N = N_0 = N_1 : 100
Epochs : 200, Batch size : 100
DP STD : 0.05
l_0 : (4.272705078125, 3.4547324180603027, 4.768754482269287, 2.2225019931793213, 1.7008748054504395, 3.596543312072754, 1.6951191425323486, 2.984663248062134, 4.386757850646973, 2.594632625579834, 2.8911173343658447, 1.513453722000122, 1.5187979936599731, 3.233119487762451, 2.159593105316162, 2.8530054092407227, 2.077784299850464, 0.8808314800262451, 2.4660122394561768, 3.3298447132110596, 3.749218463897705, 3.0293822288513184, 2.1587109565734863, 2.614265203475952, 2.9043266773223877, 2.9367787837982178, 4.025385856628418, 2.401132106781006, 2.987708330154419, 4.3415913581848145, 3.3496644496917725, 3.0484678745269775, 2.8442296981811523, 3.4664740562438965, 1.089599609375, 3.1521341800689697, 3.5050811767578125, 1.905178189277649, 2.3202857971191406, 2.9405019283294678, 3.991145133972168, 3.6801846027374268, 2.932549238204956, 2.845663070678711, 3.189173936843872, 3.003772258758545, 2.6074795722961426, 3.164581537246704, 0.6693366765975952, 1.3389155864715576, 1.0915491580963135, 2.7269158363342285, 2.522716522216797, 1.9301995038986206, 3.2423012256622314, 3.87241530418396, 4.143505573272705, 3.7525904178619385, 4.208463668823242, 1.220855712890625, 4.310179233551025, 2.3746724128723145, 1.3414216041564941, 4.676357269287109, 2.1993672847747803, 0.8840916156768799, 0.6666752099990845, 2.169999599456787, 1.8448989391326904, 2.9928205013275146, 0.7143794894218445, 2.072713613510132, 1.6758003234863281, 1.4746859073638916, 1.4044830799102783, 2.7905404567718506, 1.2850251197814941, 3.499021053314209, 1.1623835563659668, 2.771573305130005, 2.21091365814209, 2.7655301094055176, 2.6131839752197266, 3.665764331817627, 2.834779739379883, 3.8791637420654297, 5.494955062866211, 5.280483722686768, 0.9483520984649658, 4.087792873382568, 3.261432409286499, 4.473651885986328, 2.694990634918213, 3.477107286453247, 1.5801787376403809, 2.9193532466888428, 1.238057017326355, 3.329458713531494, 3.939199447631836, 2.263516902923584)
l_1 : (0.24301674962043762, 0.20012161135673523, 0.20256954431533813, 0.237446129322052, 0.0773988589644432, 0.326143741607666, 0.22054800391197205, 0.20489010214805603, 0.10213736444711685, 0.24864445626735687, 0.26415783166885376, 0.19450996816158295, 0.06530863046646118, 0.9877783060073853, 0.09743031114339828, 0.02619117684662342, 0.026497822254896164, 0.1742686629295349, 0.13991792500019073, 0.5459421277046204, 0.01848588138818741, 0.1848410815000534, 0.19133618474006653, 0.0830807164311409, 0.0039175208657979965, 0.10464426130056381, 0.29394498467445374, 0.08080623298883438, 0.5851789116859436, 0.1145215630531311, 0.08396629989147186, 0.190179705619812, 0.28906935453414917, 0.49440014362335205, 0.28871816396713257, 0.273665189743042, 0.06287914514541626, 0.11453931778669357, 0.3006279468536377, 0.1484188437461853, 0.09475843608379364, 0.004031745251268148, 0.1317184865474701, 0.6916835308074951, 0.7899076342582703, 0.17371000349521637, 0.19674021005630493, 0.5750423669815063, 0.24496376514434814, 0.15579795837402344, 0.14719681441783905, 0.04333021491765976, 0.7167731523513794, 0.1126401275396347, 0.054699257016181946, 0.18005016446113586, 0.1262083351612091, 0.3599420487880707, 0.011450878344476223, 0.35864418745040894, 0.0748361274600029, 0.49013590812683105, 0.3692326843738556, 0.20682168006896973, 0.046025071293115616, 0.02977783977985382, 0.354555606842041, 0.1319149136543274, 0.1441357135772705, 0.03087291680276394, 0.008409800939261913, 0.14163486659526825, 0.028608351945877075, 0.3797372877597809, 0.2732630670070648, 0.3352604806423187, 0.025097819045186043, 0.07114733010530472, 0.16414223611354828, 0.09268990904092789, 0.3960908055305481, 0.09685114771127701, 0.2720663249492645, 0.22153779864311218, 0.036640480160713196, 0.30929023027420044, 0.12822668254375458, 0.00510318111628294, 0.03901616483926773, 0.14104823768138885, 0.48827147483825684, 0.20068112015724182, 0.3656923770904541, 0.12162098288536072, 0.6444280743598938, 0.32519251108169556, 0.7972615361213684, 0.03778340294957161, 0.1256561130285263, 0.055973805487155914)
