
* * * * * * * * * * * * * * * * * * * * * * * * * * * * * * * * *

|D| : 1000, |D_0| : 999, |D_1| : 1000
N = N_0 = N_1 : 100
Epochs : 200, Batch size : 100
DP STD : 0.1
l_0 : (0.0034982694778591394, 0.0002115741081070155, 0.0019982149824500084, 0.0002983363519888371, 0.0032626751344650984, 0.018438486382365227, 0.0005099665140733123, 0.08072266727685928, 0.0008082698914222419, 0.0011806668480858207, 0.0037133803125470877, 3.8742269680369645e-05, 0.00029774048016406596, 0.001095290994271636, 0.019932212308049202, 0.01430553663522005, 6.16293036728166e-05, 0.001328777172602713, 0.024445999413728714, 0.0004086851258762181, 0.008652104064822197, 0.0017559599364176393, 0.0008967668982222676, 0.004449942149221897, 0.0058293575420975685, 0.00018571082910057157, 0.0035241658333688974, 0.0013402060139924288, 0.0015191215788945556, 0.00012289722508285195, 0.0015118608716875315, 0.0025175088085234165, 0.0026049036532640457, 0.017446035519242287, 0.005629874300211668, 0.0013705631718039513, 0.00019596086349338293, 0.0015548295341432095, 0.010782433673739433, 0.0020409247372299433, 0.002817948115989566, 0.005470544099807739, 0.08239920437335968, 0.0007023728103376925, 0.01937067322432995, 0.0003583981015253812, 0.000433112756581977, 0.018175363540649414, 0.002473986940458417, 0.013178745284676552, 0.0010600429959595203, 0.011480222456157207, 0.02488749288022518, 0.0016543286619707942, 0.010602926835417747, 0.009256187826395035, 0.0017484629061073065, 0.00033766290289349854, 0.004913043230772018, 0.0002611534437164664, 0.0007568117580376565, 0.0005698964232578874, 0.001335444045253098, 0.0005110388156026602, 0.0037089858669787645, 6.41325386823155e-05, 0.006744240876287222, 0.005418020766228437, 0.000348268891684711, 0.0014659145381301641, 0.0010287236655130982, 0.002116941148415208, 0.0002157455455744639, 0.0019606193527579308, 0.0004021312633994967, 0.001665158779360354, 0.0019451522966846824, 0.004674934316426516, 0.02468886785209179, 0.012698506005108356, 0.0022689569741487503, 0.004177653230726719, 0.3410186469554901, 0.00023529145983047783, 0.00024196557933464646, 2.8132995794294402e-05, 0.0006853376980870962, 0.0052260453812778, 0.015778573229908943, 0.00030417583184316754, 0.004350364673882723, 0.0764470249414444, 0.0002795067266561091, 0.00010823617776622996, 0.03302418440580368, 0.0026736250147223473, 0.004476882051676512, 0.0006936766440048814, 0.038906097412109375, 0.0016327871708199382)
l_1 : (0.0006328010931611061, 0.0016102931695058942, 0.002713095862418413, 3.58813522325363e-05, 0.009056797251105309, 0.0009289240115322173, 5.185469490243122e-05, 0.0032498424407094717, 0.0002252801787108183, 0.0017864234978333116, 0.0005511910421773791, 0.0007057083421386778, 0.003945543896406889, 0.00038938093348406255, 0.0003948624071199447, 0.0012012654915452003, 0.012801256962120533, 0.00875858124345541, 0.0005227153305895627, 0.00021455370006151497, 0.0009682258241809905, 0.00012337400403339416, 0.003306400263682008, 0.0005504761938937008, 0.00016735584358684719, 0.0006031363154761493, 0.00040415700641460717, 0.0029061485547572374, 0.00012158608296886086, 0.00881801825016737, 0.005597749724984169, 0.003840334713459015, 6.353653589030728e-05, 0.0019395602867007256, 0.00909459963440895, 0.00033098942367359996, 0.004796190652996302, 0.0006025406182743609, 0.0026090650353580713, 0.0004412154376041144, 0.0008504349971190095, 0.015762731432914734, 0.001745249843224883, 0.0003819928097072989, 0.006861458066850901, 0.11897949874401093, 0.002334966091439128, 0.007265929132699966, 0.00014959646796341985, 0.00018630675913300365, 0.017885593697428703, 0.004613114055246115, 0.0006553170969709754, 0.0006586528033949435, 0.0011149387573823333, 0.0034095270093530416, 0.0008282806375063956, 0.0009627474937587976, 0.006923731416463852, 0.0005146132898516953, 0.0011470888275653124, 0.006588640622794628, 3.957670196541585e-05, 0.00041392818093299866, 0.021280528977513313, 0.18315531313419342, 0.006484183017164469, 0.0014587724581360817, 0.011934072710573673, 0.011287404224276543, 0.0007631250191479921, 0.00018273114983458072, 0.00016258825780823827, 0.00042632073746062815, 0.0016777737764641643, 0.0008484101272188127, 0.0004920940846204758, 0.0034033493138849735, 0.0006090931710787117, 0.00042500998824834824, 0.007048740051686764, 0.08292568475008011, 0.0008244690834544599, 0.028644148260354996, 0.0006328010931611061, 0.0018172431737184525, 0.0005765683017671108, 0.0004638549580704421, 0.0004920940846204758, 0.005059771239757538, 0.0022129351273179054, 0.0016481400234624743, 0.002632725518196821, 0.005561118945479393, 0.006706941872835159, 0.00027378625236451626, 0.0004563482361845672, 0.0007783720502629876, 0.00035637227119877934, 0.0028597908094525337)

* * * * * * * * * * * * * * * * * * * * * * * * * * * * * * * * *

|D| : 1000, |D_0| : 999, |D_1| : 1000
N = N_0 = N_1 : 100
Epochs : 200, Batch size : 100
DP STD : 0.1
l_0 : (0.860230028629303, 0.008133740164339542, 0.04172997549176216, 0.0008943848661147058, 3.978893995285034, 0.7893305420875549, 0.22868399322032928, 0.026953263208270073, 0.00066985102603212, 0.0021657124161720276, 0.029827594757080078, 5.074152946472168, 3.3088126182556152, 2.753371477127075, 0.22663173079490662, 0.010761324316263199, 0.0021611922420561314, 0.02557818405330181, 0.0020592452492564917, 3.789212703704834, 0.010392949916422367, 0.0032719431910663843, 0.2164541780948639, 0.04201829060912132, 3.590398073196411, 0.07564615458250046, 0.029113318771123886, 0.013874512165784836, 0.0002889215829782188, 0.947877049446106, 1.9691290855407715, 0.010571668855845928, 0.08869773894548416, 0.284471720457077, 0.10656651109457016, 0.4506106972694397, 0.7225962281227112, 1.4271860122680664, 0.17990140616893768, 0.3259609043598175, 1.0445351600646973, 0.005899516865611076, 0.005426201969385147, 0.01870844140648842, 0.6228362917900085, 2.5289552211761475, 0.005443156231194735, 0.000205018965061754, 0.0005357022164389491, 0.16794048249721527, 8.10053539276123, 0.7551909685134888, 0.005621220916509628, 1.1820298433303833, 0.3033064603805542, 0.37477436661720276, 0.10542161017656326, 0.03449952229857445, 0.09664282947778702, 0.024801209568977356, 3.0782556533813477, 0.6235101222991943, 0.2200651317834854, 0.024987254291772842, 0.011719544418156147, 0.002884158631786704, 0.020618975162506104, 0.08772395551204681, 3.202455997467041, 0.3786834180355072, 0.0007543102256022394, 0.058642830699682236, 0.06331071257591248, 0.6842155456542969, 0.08987925946712494, 0.01541122142225504, 5.104067325592041, 0.0014182995073497295, 0.06786756962537766, 2.1847026348114014, 0.15331672132015228, 2.573698043823242, 0.01905013807117939, 0.032226428389549255, 0.20363913476467133, 3.1009440422058105, 0.005609959363937378, 2.780052423477173, 0.3599315881729126, 0.05544951930642128, 0.0516878105700016, 0.010107523761689663, 0.47343820333480835, 0.049246642738580704, 2.775692939758301, 0.007517383433878422, 0.1023644506931305, 0.07942897826433182, 0.0036055336240679026, 0.002116941148415208)
l_1 : (0.0034714217763394117, 0.062267519533634186, 0.004115683492273092, 0.8946925401687622, 0.004979826509952545, 0.002072688192129135, 0.007061405573040247, 0.4643559753894806, 0.10927204042673111, 0.48300665616989136, 0.00027533553657121956, 0.0026400971692055464, 1.87163507938385, 0.000514851592015475, 0.004911263473331928, 1.4717432260513306, 0.004793698899447918, 2.095231056213379, 0.01732548326253891, 3.488750696182251, 0.004423595033586025, 0.04730957746505737, 0.21534574031829834, 0.4138477146625519, 0.01856323331594467, 0.3971904218196869, 0.0012215065071359277, 0.004302768036723137, 0.02380388230085373, 0.016529638320207596, 0.4745018482208252, 0.25264403223991394, 0.11321458220481873, 0.0023347281385213137, 1.1623821258544922, 0.00026675479602999985, 5.23315102327615e-05, 4.193325042724609, 0.07174800336360931, 0.001191263902001083, 0.0311341043561697, 0.028376977890729904, 0.008880761452019215, 0.6297473907470703, 1.2583622932434082, 1.1920928244535389e-07, 0.02585214376449585, 0.003839384764432907, 0.13082516193389893, 3.0384891033172607, 0.0018712644232437015, 0.7472864985466003, 0.014792639762163162, 1.510073184967041, 0.33665162324905396, 0.001763456966727972, 0.007520222570747137, 8.391981828026474e-05, 0.0004001055203843862, 0.7546653151512146, 0.0048531354404985905, 0.011291411705315113, 1.11929190158844, 0.039837051182985306, 0.004114852286875248, 0.0006164796068333089, 0.014568855054676533, 0.0015568529488518834, 3.243011713027954, 0.2770836353302002, 0.0001932195882545784, 0.005858275108039379, 0.00017712931730784476, 0.08506496250629425, 0.00031931069679558277, 0.0013085383689031005, 0.1305011808872223, 0.07082375884056091, 0.005995503626763821, 0.0760890394449234, 6.198863957251888e-06, 1.2278481335670222e-05, 0.001992742298170924, 0.8560095429420471, 0.00791756808757782, 0.9769307971000671, 0.0011051744222640991, 0.05469778925180435, 0.0010296764085069299, 0.0003564914222806692, 0.12807314097881317, 6.687417771900073e-05, 3.0636318115284666e-05, 1.6067067384719849, 0.12549662590026855, 0.3255841135978699, 0.23965375125408173, 0.03156988322734833, 0.016699643805623055, 0.00011538793478393927)

* * * * * * * * * * * * * * * * * * * * * * * * * * * * * * * * *

|D| : 1000, |D_0| : 999, |D_1| : 1000
N = N_0 = N_1 : 100
Epochs : 200, Batch size : 100
DP STD : 0.1
l_0 : (1.3811901807785034, 0.40417131781578064, 0.5372583866119385, 0.03431189805269241, 0.8015373945236206, 4.2808146476745605, 2.8721632957458496, 1.0144414901733398, 2.251675844192505, 0.020068222656846046, 0.10899681597948074, 7.368666172027588, 0.0001805857609724626, 0.7297183871269226, 0.008494909852743149, 0.23524567484855652, 0.017801865935325623, 0.570698082447052, 0.13885821402072906, 3.6193134784698486, 0.0393686443567276, 0.7957003712654114, 0.07656253129243851, 1.239122986793518, 0.7461739778518677, 0.000105375460407231, 0.016538314521312714, 0.000251142424531281, 0.959455132484436, 0.41795361042022705, 3.9008259773254395, 0.663899302482605, 3.8202590942382812, 0.0005527398898266256, 1.1945829391479492, 3.299254894256592, 0.24737782776355743, 0.19223904609680176, 0.5393673777580261, 0.13373826444149017, 1.6089191436767578, 6.406359672546387, 1.581864595413208, 6.507298469543457, 0.01678873784840107, 1.4137650728225708, 0.07428135722875595, 0.011072147637605667, 2.0244154930114746, 0.04546991363167763, 1.1566685438156128, 0.0412340871989727, 0.05270013585686684, 2.8639121055603027, 7.890746593475342, 1.9110511541366577, 0.0006812873762100935, 0.3800881803035736, 0.4952697157859802, 0.13085444271564484, 0.010528968647122383, 0.19177880883216858, 0.2430676966905594, 2.4356565475463867, 0.3113282024860382, 0.9959222674369812, 1.6749204397201538, 1.1614137887954712, 2.3985378742218018, 0.5765020251274109, 1.1458978652954102, 0.03016667254269123, 5.712717056274414, 2.4697604179382324, 0.22655931115150452, 0.386671245098114, 0.008296903222799301, 5.762610912322998, 0.010679121129214764, 0.3531998097896576, 1.2113969326019287, 0.5856280326843262, 0.010696458630263805, 1.0832796096801758, 0.004955747164785862, 0.025720400735735893, 3.2722513675689697, 0.0032556646037846804, 0.14990241825580597, 1.049407958984375, 3.8975725173950195, 0.33653438091278076, 0.8068202137947083, 6.455326557159424, 1.167982578277588, 1.086057424545288, 0.3788273334503174, 0.25996965169906616, 0.002062219427898526, 0.7508242130279541)
l_1 : (0.5204700231552124, 0.7710064053535461, 0.0012172202114015818, 0.02205277979373932, 0.06891439855098724, 0.7653255462646484, 0.09597202390432358, 0.008579065091907978, 0.002805228577926755, 0.287088006734848, 0.0030121691524982452, 0.428846150636673, 0.04790496826171875, 0.05757967755198479, 0.02406890131533146, 2.1363489627838135, 5.280919551849365, 0.017940862104296684, 0.04901920258998871, 0.025605954229831696, 0.010464677587151527, 1.956041932106018, 0.19553567469120026, 0.03706008195877075, 0.010270836763083935, 0.15726715326309204, 0.19487027823925018, 0.011044323444366455, 0.006129632703959942, 0.2773110270500183, 0.0005078217945992947, 0.12263013422489166, 0.004326982423663139, 4.751403331756592, 1.1567409038543701, 0.05261746421456337, 0.013012729585170746, 0.34284329414367676, 0.004632574040442705, 0.017952805384993553, 0.014484379440546036, 0.003541033947840333, 0.05202815681695938, 1.8948974609375, 0.42291364073753357, 0.01811109483242035, 0.23849494755268097, 0.3983059823513031, 0.14378702640533447, 0.0013391345273703337, 0.29748794436454773, 0.003986508119851351, 1.6591076850891113, 1.638183355331421, 0.507544219493866, 1.2934365272521973, 0.005375336389988661, 1.0630532503128052, 3.377746343612671, 2.698849678039551, 6.5847368240356445, 0.7994081377983093, 0.052444521337747574, 0.03533240407705307, 0.01237841509282589, 0.001276512397453189, 0.0006618693005293608, 0.24896115064620972, 3.2010438442230225, 0.03965294733643532, 0.009304139763116837, 2.511157989501953, 0.189047172665596, 0.01832577772438526, 3.266281055402942e-05, 2.5000176429748535, 0.01062816847115755, 0.007773032411932945, 2.8887929916381836, 0.13068917393684387, 0.012865398079156876, 0.005402133334428072, 0.0004508670826908201, 0.24306555092334747, 0.05706467851996422, 0.14182883501052856, 0.6976492404937744, 0.06348446756601334, 0.11864054948091507, 0.04317289590835571, 0.02262551710009575, 1.4233853816986084, 0.0038175340741872787, 0.06312393397092819, 0.42794671654701233, 0.04661485180258751, 0.32986918091773987, 0.001212338567711413, 0.5121789574623108, 0.07668432593345642)

* * * * * * * * * * * * * * * * * * * * * * * * * * * * * * * * *

|D| : 1000, |D_0| : 999, |D_1| : 1000
N = N_0 = N_1 : 100
Epochs : 200, Batch size : 100
DP STD : 0.1
l_0 : (0.0007645544828847051, 1.3615537881851196, 1.3448083400726318, 4.7350029945373535, 2.9341788291931152, 0.25022372603416443, 0.09859983623027802, 4.839064598083496, 2.7980029582977295, 2.279000997543335, 0.1303713321685791, 4.079899787902832, 3.946133613586426, 1.134650468826294, 0.009991866536438465, 0.11056187003850937, 0.07053329795598984, 0.836541473865509, 4.126429557800293, 4.995625972747803, 3.649369955062866, 0.02601151168346405, 1.265885591506958, 0.09634039551019669, 6.23606538772583, 0.03819047659635544, 3.1006107330322266, 1.1806585788726807, 0.06163220480084419, 3.1136486530303955, 1.9479262828826904, 1.1049890518188477, 1.0972460508346558, 0.5113471746444702, 0.036442454904317856, 0.11636200547218323, 0.9166725873947144, 2.893018960952759, 0.1266685575246811, 0.8567219376564026, 0.2789914608001709, 0.19825026392936707, 6.014519214630127, 0.0643419697880745, 0.8032673001289368, 5.291218280792236, 2.1227850914001465, 0.07033342868089676, 0.3043987452983856, 3.835766315460205, 1.7975457906723022, 0.32739388942718506, 0.6673804521560669, 0.022453485056757927, 0.08979426324367523, 0.04738461971282959, 3.8865513801574707, 1.3232896327972412, 4.452927589416504, 0.7985712885856628, 5.708010673522949, 3.557246208190918, 0.011062716133892536, 0.3247918486595154, 1.946881890296936, 2.023329734802246, 2.2948832511901855, 2.734971046447754, 0.8351497054100037, 0.03837955370545387, 0.010974407196044922, 3.6042473316192627, 0.4505009353160858, 1.4879242181777954, 9.660826683044434, 0.0007675323868170381, 1.9087986946105957, 0.8438655734062195, 0.4576200544834137, 1.6823145151138306, 0.5958340167999268, 2.3153305053710938, 2.916239023208618, 2.54713773727417, 6.689540386199951, 4.6349005699157715, 5.599432468414307, 0.002729264320805669, 5.94746732711792, 5.563528060913086, 3.4039125442504883, 0.04557083174586296, 0.701912522315979, 2.768653631210327, 2.6337790489196777, 0.07358972728252411, 0.37488916516304016, 3.566972017288208, 1.9966224431991577, 0.05266224965453148)
l_1 : (0.2881185710430145, 0.35712331533432007, 0.17527809739112854, 0.2024131864309311, 0.04746329039335251, 4.255832672119141, 0.35396328568458557, 0.0005246216314844787, 0.06507889181375504, 0.38080525398254395, 0.0031047496013343334, 0.003867766121402383, 0.463146448135376, 0.8719159364700317, 0.009367442689836025, 0.026391709223389626, 0.050007015466690063, 3.7014949321746826, 1.5668134689331055, 0.04214196279644966, 0.03414912149310112, 0.028952706605196, 0.14579176902770996, 0.02342141792178154, 0.04469331353902817, 0.2538597285747528, 1.1587669849395752, 0.03727613389492035, 2.4324634075164795, 0.20978201925754547, 0.7414939403533936, 1.7517964839935303, 3.0615711212158203, 0.5197702050209045, 0.035608191043138504, 0.005411381367594004, 0.033743858337402344, 0.008821208961308002, 1.7484633922576904, 3.906651735305786, 0.0019474128494039178, 0.0038167026359587908, 3.7759182453155518, 1.0930207967758179, 0.4132138192653656, 0.11838610470294952, 0.3092730939388275, 1.7524821758270264, 0.8230236768722534, 0.2553265392780304, 0.33055901527404785, 0.6958444714546204, 0.004380037076771259, 1.274243950843811, 1.029893398284912, 0.09241051226854324, 0.08606714755296707, 0.045001063495874405, 3.8231306076049805, 1.2828285694122314, 0.003573462599888444, 2.5559637546539307, 0.0427519716322422, 0.011303669773042202, 0.016403933987021446, 1.8152562379837036, 0.07500623911619186, 2.8266937732696533, 0.3382761776447296, 2.3983781337738037, 0.1369791328907013, 0.10785800963640213, 0.18727952241897583, 0.04281330481171608, 0.7775868773460388, 0.6826568245887756, 0.00026294111739844084, 0.043597184121608734, 0.4805087149143219, 0.003477599238976836, 0.0002821285743266344, 0.19611941277980804, 0.8219886422157288, 1.4202258586883545, 0.025229061022400856, 3.8689002990722656, 0.3469623327255249, 0.41359180212020874, 0.49307432770729065, 0.7200440764427185, 4.518278121948242, 4.969236850738525, 0.7079822421073914, 0.0029570208862423897, 3.429750680923462, 1.6124069690704346, 0.09066370129585266, 0.020385045558214188, 0.02631019987165928, 0.39578670263290405)

* * * * * * * * * * * * * * * * * * * * * * * * * * * * * * * * *

|D| : 1000, |D_0| : 999, |D_1| : 1000
N = N_0 = N_1 : 100
Epochs : 200, Batch size : 100
DP STD : 0.1
l_0 : (7.199982064776123e-05, 8.129743218887597e-05, 0.0010619483655318618, 0.0038425910752266645, 1.1920858014491387e-05, 0.048269324004650116, 0.0014246086357161403, 0.00048494499060325325, 1.2159273865108844e-05, 0.003220017533749342, 0.00029559535323642194, 0.0011322046630084515, 0.00044276448898017406, 0.3379911482334137, 0.003460611216723919, 0.00010477947944309562, 0.0010012142593041062, 1.0013530300057027e-05, 0.020737146958708763, 3.3854863431770355e-05, 6.282132380874828e-05, 6.318072337307967e-06, 0.0006449526408687234, 7.629103492945433e-05, 0.31811824440956116, 0.0007908792467787862, 2.682172998902388e-05, 7.533743337262422e-05, 0.011440861038863659, 0.0002261144545627758, 9.536738616588991e-07, 0.0014879356604069471, 0.0001012035645544529, 0.011644608341157436, 0.0011307757813483477, 6.174850568640977e-05, 1.7046782886609435e-05, 2.455681169521995e-05, 0.00112255965359509, 0.002272168407216668, 7.152555099310121e-07, 0.004756920505315065, 0.0014336556196212769, 7.319182623177767e-05, 0.00011777184408856556, 0.032046686857938766, 6.723177648382261e-05, 7.092700980138034e-05, 0.005273361224681139, 3.909988299710676e-05, 1.0609570381348021e-05, 0.01403109822422266, 6.460934673668817e-05, 0.08062390983104706, 0.001555662602186203, 0.0004667146422434598, 0.0014230611268430948, 0.002981148660182953, 0.00029702542815357447, 2.8609820219571702e-05, 0.00019488819816615433, 0.3643263578414917, 0.004555205814540386, 2.4914430468925275e-05, 0.011469852179288864, 4.9828242481453344e-05, 0.0003937899600714445, 0.0031065321527421474, 0.0024679224006831646, 0.2864169180393219, 0.0020927926525473595, 0.0010781434830278158, 0.01328368205577135, 1.2636104656849056e-05, 0.0003002431185450405, 0.004103455226868391, 0.0004758894501719624, 0.007012044079601765, 0.0010409895330667496, 0.008244646713137627, 2.3841830625315197e-06, 0.0018004650482907891, 0.006486551836133003, 4.6491513785440475e-06, 0.0004676678800024092, 4.3748852476710454e-05, 5.245195097813848e-06, 1.2636104656849056e-05, 0.00030858523678034544, 0.00010954733443213627, 0.0002215855201939121, 9.775113539944869e-06, 0.00359341804869473, 2.50339189733495e-06, 0.03975537046790123, 0.0035525562707334757, 0.00995787512511015, 0.002769803162664175, 0.00027724236133508384, 0.01481037586927414)
l_1 : (0.030298061668872833, 0.000485183292767033, 0.0005053196800872684, 1.2755313036905136e-05, 0.0008831891464069486, 8.237022848334163e-05, 2.3245540432981215e-05, 6.735097849741578e-05, 0.0775732770562172, 2.9802276912960224e-06, 0.0034975565504282713, 0.2124873548746109, 0.0002337421028641984, 2.264974000354414e-06, 0.0034893599804490805, 0.0005696581210941076, 0.0008504349971190095, 0.00125698687043041, 6.675497570540756e-05, 0.01083927508443594, 0.0011082704877480865, 0.0005317704635672271, 0.004345736000686884, 1.6093124941107817e-05, 0.222711443901062, 0.002392645925283432, 1.645074735279195e-05, 0.002410127781331539, 0.0002150304353563115, 0.004447449930012226, 0.0007334641413763165, 0.0009070096421055496, 0.0032782405614852905, 0.00325388228520751, 0.00012563870404846966, 0.009387991391122341, 9.727005090098828e-05, 0.09306253492832184, 0.0003053675754927099, 0.00014506718434859067, 7.60526381782256e-05, 0.0037222879473119974, 0.00012039413559250534, 0.00019572250312194228, 0.0010630200849846005, 0.00011586471373448148, 0.00013493580627255142, 0.00016485285595990717, 0.0016298118280246854, 1.0780980587005615, 0.00011228884250158444, 4.053033626405522e-05, 0.0003133521240670234, 0.011837240308523178, 9.154854342341423e-05, 0.0065673235803842545, 6.16293036728166e-05, 0.00018940561858471483, 0.0008506731828674674, 0.004711241461336613, 0.005785979330539703, 1.3828182090946939e-05, 0.004852423910051584, 0.001374253653921187, 5.98412734689191e-05, 0.0008005275158211589, 0.0033649748656898737, 0.0013341344892978668, 2.777537883957848e-05, 0.0004058252670802176, 0.005060957744717598, 0.00016604475968051702, 0.0017573880031704903, 0.020740415900945663, 0.006779170595109463, 7.748573807475623e-06, 0.0016261223936453462, 8.702239938429557e-06, 0.0, 2.6702524337451905e-05, 0.00030298411729745567, 1.3589766240329482e-05, 7.30726242181845e-05, 4.768370445162873e-07, 9.548207890475169e-05, 0.00012742661056108773, 0.004429766442626715, 0.00012039413559250534, 0.00011169286881340668, 2.932505594799295e-05, 0.015634581446647644, 0.0003097769513260573, 0.00026544384309090674, 1.0132738680113107e-05, 0.00010907054820563644, 9.536738616588991e-07, 0.0001554368354845792, 7.772143726469949e-05, 0.1351202428340912, 4.708655978902243e-05)

* * * * * * * * * * * * * * * * * * * * * * * * * * * * * * * * *

|D| : 1000, |D_0| : 999, |D_1| : 1000
N = N_0 = N_1 : 100
Epochs : 200, Batch size : 100
DP STD : 0.1
l_0 : (0.6191228628158569, 0.0024651873391121626, 0.001019673072732985, 4.053033626405522e-05, 2.9394538402557373, 0.08227360993623734, 0.004218726884573698, 0.307045042514801, 7.482272624969482, 0.11117016524076462, 0.0011623300379142165, 0.9207459092140198, 0.9795963764190674, 0.0448419563472271, 4.768370445162873e-07, 0.021182263270020485, 0.04841175675392151, 0.0015400703996419907, 1.1014957427978516, 0.08210835605859756, 7.826152324676514, 0.15653593838214874, 0.00509487884119153, 0.31001120805740356, 0.5246965885162354, 0.004366031847894192, 0.7611221075057983, 9.643289566040039, 0.08257385343313217, 0.04183253273367882, 0.055251460522413254, 0.059220053255558014, 3.184173583984375, 0.01281691063195467, 0.002176893875002861, 0.005776853300631046, 0.12317632883787155, 0.0031129494309425354, 0.5364271402359009, 0.023689566180109978, 0.147549569606781, 0.0020843464881181717, 4.285212516784668, 0.017566807568073273, 0.5278083682060242, 0.0068506840616464615, 0.6659901142120361, 0.0006523388437926769, 0.04291083663702011, 0.016593540087342262, 0.043623775243759155, 0.3552025556564331, 2.0010697841644287, 0.001966092037037015, 5.876845170860179e-05, 0.0032092041801661253, 0.008303878828883171, 0.0793677568435669, 0.619907796382904, 0.029464906081557274, 0.8176319599151611, 0.6415443420410156, 0.0038025707472115755, 0.034510232508182526, 0.057459816336631775, 0.04353715479373932, 0.004391905851662159, 0.006086386274546385, 2.3104867935180664, 0.5178180932998657, 0.0001656871900195256, 0.02144552953541279, 0.3910270929336548, 0.012313300743699074, 0.0013985387049615383, 0.054817307740449905, 0.004152842331677675, 2.0830202102661133, 0.06173117086291313, 0.010595614090561867, 0.00012051333033014089, 0.21762670576572418, 0.562900960445404, 0.004560783039778471, 0.0001323135511483997, 0.17990578711032867, 0.0022109129931777716, 2.160702705383301, 0.00777528015896678, 0.0020284331403672695, 0.03352127596735954, 2.13382354559144e-05, 2.5816431045532227, 2.3007127310847864e-05, 0.2952257990837097, 0.0010969580616801977, 0.01000957004725933, 9.326303482055664, 0.0007776573766022921, 2.9801878554280847e-05)
l_1 : (1.5687975883483887, 0.033486463129520416, 0.00010895135346800089, 0.09648740291595459, 0.42223644256591797, 0.01484666857868433, 0.0908239558339119, 0.6192368268966675, 0.013439184986054897, 0.012387598864734173, 9.179073458653875e-06, 0.0001691436773398891, 0.369814932346344, 0.0030618475284427404, 0.0009201107313856483, 6.329813186312094e-05, 0.003376380307599902, 0.08008378744125366, 0.01513920072466135, 0.07221978902816772, 0.0076371124014258385, 0.008879934437572956, 0.005838720127940178, 0.0017761897761374712, 0.24158456921577454, 0.04529493302106857, 3.7641758918762207, 0.001479603466577828, 0.000573351513594389, 0.033931586891412735, 0.1480390429496765, 2.4533138275146484, 0.0008995062671601772, 2.6997151374816895, 0.0023079682141542435, 6.240962982177734, 0.0001567479339428246, 0.0002787916746456176, 0.0007188120507635176, 0.0027707540430128574, 2.0265558760002023e-06, 0.000655793643090874, 9.536738616588991e-07, 0.932837963104248, 0.070340096950531, 0.8605400323867798, 0.5408185720443726, 0.024577559903264046, 0.008718756958842278, 0.2135954201221466, 0.00036030475166626275, 0.003831072011962533, 0.001806057756766677, 0.003423902206122875, 0.005162717774510384, 1.9470632076263428, 0.002381110331043601, 0.7515280842781067, 0.16827593743801117, 0.008131612092256546, 0.0015245969407260418, 0.23656953871250153, 0.000681883015204221, 0.033644963055849075, 0.003096312051638961, 1.1318305730819702, 0.0013642538106068969, 0.04132205247879028, 0.009950321167707443, 0.0260881669819355, 0.0016102931695058942, 0.0016543286619707942, 0.00260300119407475, 5.364274329622276e-05, 0.0012276978231966496, 1.3828182090946939e-05, 3.860691785812378, 0.05125720426440239, 0.028848126530647278, 0.008926368318498135, 0.013173450715839863, 0.6842207908630371, 0.0004483648226596415, 6.6869072914123535, 0.018127601593732834, 5.70802116394043, 1.6860926151275635, 0.0002703301142901182, 0.00420780573040247, 0.30095452070236206, 0.4723770320415497, 2.312633478140924e-05, 0.11284992843866348, 0.34344246983528137, 0.0004615910293068737, 0.004192966967821121, 0.0007552632014267147, 1.8448195457458496, 1.9088594913482666, 0.00017593742813915014)

* * * * * * * * * * * * * * * * * * * * * * * * * * * * * * * * *

|D| : 1000, |D_0| : 999, |D_1| : 1000
N = N_0 = N_1 : 100
Epochs : 200, Batch size : 100
DP STD : 0.1
l_0 : (1.728519782773219e-05, 0.052152179181575775, 0.01913071982562542, 1.1965148448944092, 0.0005752577562816441, 0.3321758210659027, 0.014286146499216557, 0.00022110878489911556, 1.4305012882687151e-05, 0.001799156074412167, 0.0002623452164698392, 9.059865078597795e-06, 1.1920928244535389e-07, 0.021635698154568672, 2.264974000354414e-06, 1.1920928244535389e-07, 0.00033563701435923576, 0.026159821078181267, 8.344646857949556e-07, 4.8040190449682996e-05, 1.9430925021879375e-05, 1.8954096958623268e-05, 4.529942543740617e-06, 2.862279176712036, 0.9335081577301025, 8.940297266235575e-05, 1.311301275563892e-06, 0.1020454466342926, 8.105902816168964e-05, 5.400034933700226e-05, 2.1702184677124023, 4.529942543740617e-06, 0.00028391621890477836, 1.8596476365928538e-05, 0.001832593115977943, 0.0007447806419804692, 0.0008699684985913336, 0.0, 2.3841855067985307e-07, 0.0892219990491867, 0.0038273907266557217, 0.5061571598052979, 5.960462772236497e-07, 0.0001501924270996824, 0.015283379703760147, 0.021910274401307106, 0.0006679449579678476, 2.4189491271972656, 3.576278118089249e-07, 4.7801782784517854e-05, 0.0005295066512189806, 0.0007574073388241231, 2.3841855067985307e-07, 0.02033773809671402, 0.00011205045302631333, 1.3112935448589269e-05, 9.870042413240299e-05, 1.1444026313256472e-05, 0.0002907091984525323, 0.0018368767341598868, 0.0005003153928555548, 3.194758028257638e-05, 0.1393042653799057, 0.007567784748971462, 8.344646857949556e-07, 1.0668575763702393, 1.1920928244535389e-07, 5.590759246842936e-05, 1.1920928244535389e-07, 0.000732868502382189, 0.005878895986825228, 1.4305104514278355e-06, 0.00022706791060045362, 4.053033626405522e-05, 0.0033692519646137953, 0.0009909725049510598, 2.3841855067985307e-07, 3.4689302992774174e-05, 0.0019080305937677622, 2.9802276912960224e-06, 0.054919544607400894, 5.006664650863968e-05, 0.0006599632324650884, 0.00011455356434453279, 0.2184310406446457, 0.1381041556596756, 0.0005956306122243404, 0.00983346626162529, 3.2186455882765586e-06, 1.5020257706055418e-05, 0.009717540815472603, 0.0038558910600841045, 1.1920928244535389e-07, 4.887569048150908e-06, 0.0003513672563713044, 0.0005172345554456115, 0.00010001159535022452, 1.1920928244535389e-07, 2.622600959512056e-06, 2.1048943996429443)
l_1 : (0.0, 2.5987286790041253e-05, 0.1577243059873581, 3.0397906812140718e-05, 0.07266806811094284, 0.015491745434701443, 0.0007614573696628213, 0.0, 0.014998523518443108, 1.1920928244535389e-07, 7.366862701019272e-05, 0.059459228068590164, 1.549708758830093e-05, 2.264974000354414e-06, 0.001574349240399897, 1.2278481335670222e-05, 1.5497195136049413e-06, 3.480850500636734e-05, 0.0, 0.12816806137561798, 0.0008025524439290166, 3.671578815556131e-05, 2.1934269170742482e-05, 0.00028308198670856655, 0.0006932000978849828, 5.602820692729438e-06, 1.0728830375228426e-06, 0.01898510754108429, 0.008185293525457382, 3.099436753473128e-06, 0.00039450492477044463, 7.080780778778717e-05, 0.7417553067207336, 9.48860906646587e-05, 1.4781842764932662e-05, 3.516612196108326e-05, 5.876845170860179e-05, 1.8954096958623268e-05, 0.0003939091111533344, 0.0001565095444675535, 0.0008879532688297331, 7.760223525110632e-05, 1.8596476365928538e-05, 7.688703772146255e-05, 7.867782187531702e-06, 4.410734163684538e-06, 7.152555099310121e-07, 0.0, 0.009568778797984123, 0.34991344809532166, 1.8596476365928538e-05, 0.021033212542533875, 1.0233511924743652, 2.622600959512056e-06, 4.410734163684538e-06, 1.0967194612021558e-05, 1.1920928244535389e-07, 0.0001915509783430025, 2.1822609901428223, 9.536738616588991e-07, 5.125986263010418e-06, 2.5748875486897305e-05, 0.0003104920033365488, 0.00033778208307921886, 7.152555099310121e-07, 0.2015179991722107, 1.1920922133867862e-06, 0.0021365690045058727, 0.00012170527770649642, 1.1920928244535389e-07, 8.22540732769994e-06, 0.5304598212242126, 0.0012351986952126026, 0.0024628089740872383, 0.00010644822759786621, 9.65590606938349e-06, 2.8967437174287625e-05, 0.05957525596022606, 1.1920928244535389e-07, 0.051133863627910614, 0.000474936212413013, 0.04206881299614906, 0.05103463679552078, 1.0609570381348021e-05, 0.0009217780898325145, 1.6689286894688848e-06, 0.10571540892124176, 4.172316494077677e-06, 1.5497195136049413e-06, 1.0728830375228426e-06, 3.373566141817719e-05, 3.8980677345534787e-05, 0.0010356307029724121, 1.1920928244535389e-07, 7.152555099310121e-07, 0.0005097282119095325, 0.0, 0.5522792339324951, 0.8400672674179077, 5.960462772236497e-07)

* * * * * * * * * * * * * * * * * * * * * * * * * * * * * * * * *

|D| : 1000, |D_0| : 999, |D_1| : 1000
N = N_0 = N_1 : 100
Epochs : 200, Batch size : 100
DP STD : 0.1
l_0 : (0.0011457790387794375, 0.0003034608089365065, 0.00629525538533926, 1.5321251153945923, 0.24186736345291138, 0.13169653713703156, 0.003387310542166233, 0.0025981261860579252, 0.6721890568733215, 0.012282096780836582, 3.5393571853637695, 0.005567283369600773, 1.6953465938568115, 0.009456838481128216, 2.3451504707336426, 0.9586405158042908, 0.05010294169187546, 0.05275487154722214, 0.0011251792311668396, 0.00020346954988781363, 0.18188956379890442, 0.02346264012157917, 0.0022961937356740236, 0.022657332941889763, 0.12086880952119827, 0.0007061848300509155, 0.001081835012882948, 0.13442735373973846, 0.4434438645839691, 0.003883322235196829, 0.6137361526489258, 0.003996363375335932, 2.2913146018981934, 0.0007123793475329876, 0.016489535570144653, 0.02713925763964653, 0.1586308628320694, 8.976056415122002e-05, 6.687417771900073e-05, 0.0009086770587600768, 0.001674322527833283, 0.00018308870494365692, 0.07199418544769287, 0.010468688793480396, 0.014202587306499481, 0.1520368754863739, 0.0803396925330162, 0.0032133632339537144, 0.031200546771287918, 7.792324066162109, 0.006097642704844475, 0.0006081400788389146, 0.0016525434330105782, 0.5299410223960876, 0.0008512687054462731, 0.2178802192211151, 0.04620277136564255, 0.06192357838153839, 0.031318165361881256, 0.1811869740486145, 1.3553169965744019, 0.13701103627681732, 0.02038060687482357, 1.0013530300057027e-05, 0.004183470271527767, 0.018629228696227074, 0.387461394071579, 0.023456351831555367, 8.201262971851975e-05, 0.017088904976844788, 0.0797371193766594, 0.06175459176301956, 0.08881326019763947, 4.827859811484814e-05, 0.0016756316181272268, 0.08045970648527145, 0.0017841625958681107, 1.4148045778274536, 0.0002795067266561091, 0.033721841871738434, 0.8459141254425049, 0.0004396664153318852, 0.15635009109973907, 0.009745283983647823, 0.015821635723114014, 0.00032205163734033704, 0.015508060343563557, 7.211902266135439e-05, 0.0013959197094663978, 0.34815502166748047, 0.1224307045340538, 0.00030870441696606576, 0.029607150703668594, 1.0290825366973877, 0.0025084717199206352, 0.1703895628452301, 0.4645847976207733, 0.0007491880678571761, 0.004892046097666025, 0.22461189329624176)
l_1 : (0.027852047234773636, 0.005166038405150175, 0.036364633589982986, 0.017760176211595535, 0.020676661282777786, 0.9218331575393677, 0.040492311120033264, 0.1262790560722351, 0.0015980342868715525, 1.6985714435577393, 0.05844157934188843, 0.0023272354155778885, 0.006303429137915373, 0.7370917201042175, 0.6986912488937378, 0.0023906242568045855, 1.8455350399017334, 0.003593180561438203, 0.2991274893283844, 2.4741733074188232, 0.002094101160764694, 0.011597828939557076, 0.02729157730937004, 0.2568655014038086, 0.00021252757869660854, 0.05744597315788269, 0.34008216857910156, 0.5714854598045349, 2.002696055569686e-05, 0.0012204349040985107, 1.612410306930542, 0.0005911033367738128, 0.0049562216736376286, 0.1125887855887413, 1.4421814680099487, 0.001732040662318468, 4.879563808441162, 0.0013409203384071589, 1.677109956741333, 0.006409208755940199, 2.8967437174287625e-05, 0.7199913263320923, 0.0015526870265603065, 0.2128063589334488, 0.00016425691137555987, 0.9142305850982666, 0.5647321939468384, 0.004153554327785969, 0.6914687752723694, 0.005362056661397219, 0.0010623055277392268, 0.017862876877188683, 0.009860733523964882, 1.8750768899917603, 0.007324508856981993, 1.0152504444122314, 0.058287523686885834, 0.39451882243156433, 0.15128818154335022, 0.004773530177772045, 0.003735114587470889, 0.05441908910870552, 0.2134314328432083, 0.004085409455001354, 0.023222386837005615, 0.005334073211997747, 0.36333662271499634, 0.005541202612221241, 5.936446541454643e-05, 0.0016014858847483993, 0.27878832817077637, 0.2085786759853363, 0.5818066000938416, 0.00011395759065635502, 0.0004829194222111255, 0.005945378448814154, 0.0017473918851464987, 0.05296642705798149, 0.1889047622680664, 0.4449674189090729, 0.007853464223444462, 0.11782287806272507, 0.0016287406906485558, 0.008951651863753796, 8.702239938429557e-06, 0.03650704771280289, 0.11153159290552139, 0.0018310461891815066, 0.018161434680223465, 0.0007109498255886137, 0.11126967519521713, 0.02008832059800625, 0.10020173341035843, 0.008226084522902966, 0.6821200251579285, 5.7338023907504976e-05, 0.0903349444270134, 1.809131145477295, 3.8874478340148926, 0.0015029336791485548)

* * * * * * * * * * * * * * * * * * * * * * * * * * * * * * * * *

|D| : 1000, |D_0| : 999, |D_1| : 1000
N = N_0 = N_1 : 100
Epochs : 200, Batch size : 100
DP STD : 0.1
l_0 : (1.2673460245132446, 1.1749627590179443, 0.5578992962837219, 0.06775517761707306, 0.2366073727607727, 2.036703109741211, 0.0035995945800095797, 0.3439648151397705, 0.003326242323964834, 0.21102407574653625, 0.008410155773162842, 0.47382020950317383, 0.4685380160808563, 0.5753601789474487, 0.07636132091283798, 0.0009239218779839575, 0.3357795476913452, 1.4411723613739014, 0.01995476521551609, 1.4335168600082397, 1.8851449489593506, 0.012942243367433548, 0.049970388412475586, 0.12623292207717896, 1.4050652980804443, 2.1172618865966797, 0.020773692056536674, 0.10125631093978882, 0.00018952481332235038, 0.17584408819675446, 0.03928394615650177, 0.23684445023536682, 0.005977254826575518, 0.0734415352344513, 0.0017268045339733362, 1.601340413093567, 0.07235752046108246, 0.058349937200546265, 0.2321409285068512, 2.4552199840545654, 1.4153050184249878, 0.18878406286239624, 0.18662086129188538, 1.307840347290039, 0.8556920886039734, 0.045621972531080246, 0.002233036793768406, 0.006988842040300369, 0.18227460980415344, 1.0074708461761475, 3.386751413345337, 0.13115571439266205, 5.584529399871826, 0.0074268667958676815, 1.0359135866165161, 0.007510875817388296, 0.020031768828630447, 0.003607196733355522, 0.1111806184053421, 2.715651273727417, 0.036584626883268356, 0.03543136268854141, 0.4847326874732971, 0.05482972040772438, 4.009317398071289, 0.02456906996667385, 1.057501196861267, 0.7866319417953491, 0.012300937436521053, 0.20561350882053375, 0.8899306654930115, 0.037430476397275925, 0.09677020460367203, 0.11084818840026855, 5.72470760345459, 0.060394253581762314, 0.06831290572881699, 3.6941699981689453, 0.014603160321712494, 0.05075060948729515, 0.036233581602573395, 0.024525798857212067, 0.8575640320777893, 0.020423123612999916, 0.05556048825383186, 0.5610506534576416, 0.010632414370775223, 0.05268204212188721, 0.0014488924061879516, 0.5319691896438599, 0.32606467604637146, 0.0006267252028919756, 0.675186812877655, 0.37428051233291626, 0.1305103898048401, 1.5999559164047241, 5.211723804473877, 2.4696507453918457, 0.6387283205986023, 0.03623059019446373)
l_1 : (0.0071388171054422855, 0.009529105387628078, 0.02443273738026619, 0.008253986947238445, 0.0018309272127225995, 0.0505935475230217, 0.0002338612830499187, 0.000563224486541003, 0.06989999115467072, 0.0074957311153411865, 0.0009190387791022658, 0.1835312396287918, 2.794006109237671, 0.11262170225381851, 0.39381271600723267, 0.3152332901954651, 1.8623554706573486, 0.6714807152748108, 0.41303566098213196, 0.0012646066024899483, 0.48087766766548157, 0.0004786299541592598, 0.002986140549182892, 0.005264704581350088, 0.001508409040980041, 0.16970409452915192, 0.02502550557255745, 0.005171730648726225, 0.5983433723449707, 0.05627629905939102, 0.04840812087059021, 0.10585439950227737, 2.097832441329956, 0.05106918513774872, 0.002496223896741867, 0.8451344966888428, 0.058864835649728775, 0.014785944484174252, 0.013909664005041122, 0.46503955125808716, 0.13323985040187836, 0.002369336551055312, 0.10399749875068665, 0.056197527796030045, 0.028082730248570442, 0.00011395759065635502, 0.010663080960512161, 0.00022671037004329264, 2.178070306777954, 0.007430653553456068, 0.4121272563934326, 0.403675377368927, 0.019227199256420135, 0.6362361311912537, 0.007444379385560751, 0.8550288081169128, 0.17807011306285858, 0.11707356572151184, 0.0029050789307802916, 0.5128943920135498, 0.45400482416152954, 0.01342471782118082, 0.11748841404914856, 0.3084244430065155, 0.17276717722415924, 0.17124956846237183, 0.5924550890922546, 0.02291916124522686, 0.13395953178405762, 1.4991991519927979, 2.040989398956299, 0.1465316116809845, 0.7082714438438416, 0.02992686629295349, 0.11725085228681564, 0.08220828324556351, 3.9543399810791016, 2.172731637954712, 0.739353358745575, 0.010250188410282135, 0.061049532145261765, 0.0053732022643089294, 2.3844451904296875, 0.002230538986623287, 0.15745222568511963, 0.2179708182811737, 0.015331395901739597, 0.8741684556007385, 0.17939700186252594, 1.130591630935669, 0.28455010056495667, 0.25365161895751953, 0.2778104841709137, 0.04686946049332619, 0.00023624490131624043, 0.022708142176270485, 0.05299050733447075, 0.4067526161670685, 0.3573790192604065, 1.2533748149871826)

* * * * * * * * * * * * * * * * * * * * * * * * * * * * * * * * *

|D| : 1000, |D_0| : 999, |D_1| : 1000
N = N_0 = N_1 : 100
Epochs : 200, Batch size : 100
DP STD : 0.1
l_0 : (0.0070512257516384125, 0.04899309575557709, 0.7738643884658813, 0.09127409011125565, 1.5796847343444824, 0.05935689061880112, 0.08374519646167755, 0.012996373698115349, 0.010582638904452324, 0.01106177270412445, 0.009180357679724693, 0.00021240839851088822, 1.1644924879074097, 2.466458559036255, 0.28419819474220276, 9.77468371274881e-05, 0.031542856246232986, 0.11463041603565216, 0.0002225389762315899, 0.012786781415343285, 8.642300235806033e-05, 0.01551744993776083, 1.7758426666259766, 2.2650110721588135, 0.11459820717573166, 0.0023972841445356607, 0.025152340531349182, 0.0010869554243981838, 2.552377939224243, 0.5547604560852051, 0.11728445440530777, 0.014572380110621452, 0.0006556744920089841, 0.9522868394851685, 0.012686853297054768, 0.003933550789952278, 0.0462484136223793, 1.0613691806793213, 0.007669171784073114, 0.030066847801208496, 0.017565753310918808, 0.04219590499997139, 0.0022460015024989843, 0.00014935807848814875, 0.002478862414136529, 0.5073497891426086, 1.2737709283828735, 0.003195776604115963, 0.019300168380141258, 0.04772859439253807, 0.06308801472187042, 0.00987182930111885, 0.005550330970436335, 3.898838996887207, 0.0004923323867842555, 0.16134987771511078, 0.09539321064949036, 0.025026319548487663, 0.002978771459311247, 0.022514212876558304, 1.293413758277893, 0.004622962791472673, 0.013405898585915565, 0.03266069293022156, 0.01852145791053772, 0.0007622911944054067, 3.857001304626465, 0.002379683079198003, 0.011083701625466347, 0.10744846612215042, 0.8423974514007568, 0.17122092843055725, 0.12935635447502136, 0.029794733971357346, 0.00011538793478393927, 0.08532025665044785, 0.3743772506713867, 0.006677574943751097, 0.13473932445049286, 0.0016233850037679076, 0.17619937658309937, 0.2502640187740326, 0.07102186977863312, 0.006507278420031071, 0.390651136636734, 0.00047743841423653066, 0.05521897226572037, 0.0009233264136128128, 0.01827041432261467, 0.10548844188451767, 0.0004314445541240275, 6.103329360485077e-05, 0.003872634842991829, 0.01580708660185337, 0.3110443949699402, 0.01207659486681223, 0.15452700853347778, 0.02026776783168316, 0.09348854422569275, 0.024350255727767944)
l_1 : (0.005490461830049753, 0.0029012751765549183, 0.015029173344373703, 0.0009268993744626641, 1.2543214559555054, 0.00040463366894982755, 0.04920420050621033, 0.015155755914747715, 0.0056219324469566345, 0.07372815907001495, 0.14255818724632263, 0.04160934314131737, 0.14484255015850067, 0.021019790321588516, 1.7291533946990967, 0.010772527195513248, 0.152639701962471, 0.00037317464011721313, 0.09121348708868027, 0.0034399402793496847, 0.005025849211961031, 0.007437753025442362, 0.07641400396823883, 5.9602869441732764e-05, 0.004788716323673725, 0.016254989430308342, 0.026243897154927254, 0.24631257355213165, 0.00011586471373448148, 0.0010608765296638012, 0.09847722947597504, 0.11886963248252869, 0.001490554423071444, 0.5372107625007629, 0.0029143502470105886, 0.0005397531786002219, 0.002877620980143547, 0.19766277074813843, 0.00022373080719262362, 0.0014317510649561882, 0.002451749751344323, 0.009570550173521042, 0.15492762625217438, 0.012762065045535564, 3.5898191928863525, 0.0024705384857952595, 0.0035403212532401085, 0.2496509701013565, 0.13605761528015137, 0.007832292467355728, 0.04561946541070938, 8.654219709569588e-05, 0.06440199166536331, 0.1534818559885025, 0.14320042729377747, 0.00016759421851020306, 0.0029258797876536846, 0.0031752190552651882, 0.0006304183625616133, 0.002963082632049918, 0.01973610743880272, 0.001073261140845716, 0.21964097023010254, 0.001906840712763369, 0.0037808381021022797, 0.0059055606834590435, 0.0040006376802921295, 0.010357910767197609, 0.003848884953185916, 0.019480107352137566, 0.036964043974876404, 0.185306116938591, 0.029338734224438667, 0.001177690108306706, 6.949660019017756e-05, 0.01662062481045723, 0.3403340280056, 0.017205150797963142, 0.16740268468856812, 0.0015112657565623522, 0.0036806000862270594, 0.21521155536174774, 0.13402292132377625, 0.00021419614495243877, 0.0033030735794454813, 0.04197531193494797, 0.0010949337156489491, 0.05329176038503647, 0.0004702892620116472, 0.007934479974210262, 0.000943096645642072, 1.9741216897964478, 0.021102197468280792, 0.03965374827384949, 0.01366416271775961, 0.013197450898587704, 0.8267577886581421, 0.2606377899646759, 0.00013517419574782252, 0.5291824340820312)

* * * * * * * * * * * * * * * * * * * * * * * * * * * * * * * * *

|D| : 1000, |D_0| : 999, |D_1| : 1000
N = N_0 = N_1 : 100
Epochs : 200, Batch size : 100
DP STD : 0.1
l_0 : (3.4488205909729004, 2.7548563480377197, 2.9831204414367676, 4.801878452301025, 1.0879240036010742, 0.909023642539978, 0.9880200624465942, 4.614206314086914, 0.26071658730506897, 1.8073828220367432, 5.595417022705078, 3.674656391143799, 0.3234406113624573, 5.251436233520508, 4.810863971710205, 2.7781975269317627, 2.224349021911621, 0.7645506858825684, 3.7404091358184814, 3.258410930633545, 2.6784400939941406, 4.399435043334961, 2.945514440536499, 3.1003127098083496, 0.48488500714302063, 2.212266445159912, 4.452813148498535, 1.214579701423645, 0.15479835867881775, 7.750904560089111, 3.0084686279296875, 0.9314801096916199, 1.0124139785766602, 0.5903576016426086, 0.748833954334259, 1.5816303491592407, 2.5737531185150146, 8.845930099487305, 4.591536998748779, 1.851017713546753, 2.1899328231811523, 1.395362377166748, 4.703575611114502, 0.9420245289802551, 1.352241039276123, 4.863749980926514, 6.501562595367432, 0.49489444494247437, 2.519961357116699, 0.15028026700019836, 0.4168369174003601, 5.746114730834961, 1.0188124179840088, 1.7317492961883545, 5.6174635887146, 0.8686648011207581, 2.6837637424468994, 1.0928230285644531, 0.05553917586803436, 5.858078956604004, 4.4873576164245605, 0.8644114136695862, 4.030468940734863, 3.914620876312256, 4.39088249206543, 1.048724889755249, 1.2060987949371338, 2.872945785522461, 0.9437363743782043, 3.3141913414001465, 5.094198703765869, 2.2482213973999023, 3.6321988105773926, 2.1485188007354736, 4.318094253540039, 9.772315979003906, 3.7634096145629883, 3.608821153640747, 2.945923089981079, 0.5915563106536865, 5.857667922973633, 0.4040719270706177, 7.334912300109863, 2.2595531940460205, 3.0631601810455322, 6.614072322845459, 6.548978805541992, 6.5441741943359375, 2.098419427871704, 3.812863826751709, 2.9445319175720215, 4.979264259338379, 2.161266803741455, 2.308891773223877, 0.7819394469261169, 2.499502420425415, 0.5073370933532715, 1.9168081283569336, 3.2907907962799072, 0.1029282808303833)
l_1 : (0.04665922746062279, 1.3238551616668701, 0.9194577932357788, 0.01720562018454075, 0.5594519972801208, 0.10018932819366455, 0.05122639611363411, 0.019680002704262733, 0.3200813829898834, 0.03243660181760788, 2.0533242225646973, 0.8431946039199829, 0.19788755476474762, 0.166727676987648, 0.1972697228193283, 1.3993098735809326, 0.054556023329496384, 0.15924406051635742, 0.005657257046550512, 1.5368680953979492, 0.12124491482973099, 1.9120339155197144, 1.3535916805267334, 0.1825719028711319, 1.6416354179382324, 0.4165711998939514, 0.6317222118377686, 0.018478861078619957, 0.06897114217281342, 0.7423743009567261, 1.9105430841445923, 0.1406039148569107, 0.45359447598457336, 0.047522518783807755, 0.15654408931732178, 0.023642415180802345, 0.017847653478384018, 4.686790943145752, 1.1604290008544922, 0.4224683940410614, 0.041182152926921844, 6.435877323150635, 0.8427771925926208, 0.5901366472244263, 1.5488827228546143, 0.265480637550354, 0.6135871410369873, 0.023261286318302155, 0.02401234209537506, 0.12817130982875824, 1.0429487228393555, 1.7168951034545898, 3.057199478149414, 0.5158447623252869, 0.7273674011230469, 0.015254967845976353, 0.38639014959335327, 2.3210031986236572, 0.10894143581390381, 1.4369733333587646, 2.429943561553955, 0.0003741279651876539, 0.07037009298801422, 6.241278171539307, 0.40419551730155945, 3.692337989807129, 0.059221960604190826, 0.05635371059179306, 0.6751857399940491, 0.03764667734503746, 0.02133421041071415, 4.042666912078857, 0.7438251376152039, 0.6042599678039551, 0.02282198891043663, 0.4795229434967041, 0.12509360909461975, 3.8642120361328125, 0.13607363402843475, 0.174056738615036, 0.9905658960342407, 1.9131901264190674, 0.11765407025814056, 0.7817651033401489, 0.24879337847232819, 1.28887939453125, 0.39356890320777893, 2.827239990234375, 0.36959561705589294, 2.6911261081695557, 2.541050910949707, 0.07359050214290619, 0.38978859782218933, 0.17317529022693634, 0.2204897701740265, 0.20707523822784424, 0.09815071523189545, 1.583935260772705, 0.02981417253613472, 0.3582635223865509)

* * * * * * * * * * * * * * * * * * * * * * * * * * * * * * * * *

|D| : 1000, |D_0| : 999, |D_1| : 1000
N = N_0 = N_1 : 100
Epochs : 200, Batch size : 100
DP STD : 0.1
l_0 : (3.2186455882765586e-06, 0.002103974809870124, 0.16409438848495483, 4.172316494077677e-06, 1.2755313036905136e-05, 1.311301275563892e-06, 0.02276838757097721, 5.960462772236497e-07, 2.396077979938127e-05, 4.768370445162873e-07, 1.1920928244535389e-07, 0.004932141397148371, 6.198863957251888e-06, 4.51792984677013e-05, 0.001117082079872489, 0.009153426624834538, 5.960462772236497e-07, 0.021803205832839012, 4.053033626405522e-05, 6.687417771900073e-05, 2.8132995794294402e-05, 9.775113539944869e-06, 1.5497195136049413e-06, 0.0007596706273034215, 0.0, 0.0014457975048571825, 5.209310256759636e-05, 2.3841855067985307e-07, 1.7165990357170813e-05, 0.49481913447380066, 1.2516897186287679e-05, 0.0002494739310350269, 1.0609570381348021e-05, 1.7046782886609435e-05, 3.9934315282152966e-05, 1.1920928244535389e-07, 3.8265450712060556e-05, 1.1920928244535389e-07, 2.3841855067985307e-07, 2.13382354559144e-05, 2.0265558760002023e-06, 0.0003668589051812887, 0.00025054652360267937, 0.003470352618023753, 0.0039406754076480865, 3.576278118089249e-07, 2.264974000354414e-06, 2.1457441107486375e-05, 4.577531944960356e-05, 0.0006146925734356046, 0.00011336160969221964, 0.0010213402565568686, 6.925819616299123e-05, 1.1086402082582936e-05, 0.0, 2.1253318786621094, 5.960462772236497e-07, 1.5497195136049413e-06, 0.010849651880562305, 5.6503606174374e-05, 0.015287606045603752, 1.1920928244535389e-07, 1.1920922133867862e-06, 2.5510462364763953e-05, 6.329813186312094e-05, 0.00013696208770852536, 5.2927523938706145e-05, 5.4834770708112046e-05, 0.00020990552729927003, 0.0, 1.311301275563892e-06, 7.629365427419543e-06, 2.3841855067985307e-07, 0.00037424711626954377, 0.014216807670891285, 1.4543427823809907e-05, 1.1920928244535389e-07, 1.7762025890988298e-05, 0.010199567303061485, 1.311301275563892e-06, 0.000198821333469823, 1.1920928244535389e-07, 5.960446742392378e-06, 2.3841855067985307e-07, 2.6940935640595853e-05, 0.0005068686441518366, 0.016782643273472786, 9.142934868577868e-05, 0.008051085285842419, 9.536288416711614e-05, 6.794906312279636e-06, 0.00010918975021922961, 0.0005899119423702359, 0.0005629861843772233, 0.0009107018122449517, 0.001110890181735158, 1.0371154530730564e-05, 1.3828182090946939e-05, 4.768370445162873e-07, 0.0008864049450494349)
l_1 : (4.386805812828243e-05, 8.940656698541716e-06, 4.8397800128441304e-05, 0.012306942604482174, 0.06344576179981232, 9.536738616588991e-07, 0.00014935807848814875, 0.04490943253040314, 7.152555099310121e-07, 0.00017379203927703202, 4.0531076592742465e-06, 1.0967194612021558e-05, 0.00015114595589693636, 0.00019774865359067917, 1.5616295058862306e-05, 4.768360213347478e-06, 1.0728830375228426e-06, 8.344646857949556e-07, 0.000977157847955823, 0.00035363141796551645, 0.006511897314339876, 3.576272320060525e-06, 0.08147915452718735, 0.007874161936342716, 0.00011312322021694854, 0.0002598424907773733, 0.00035208225017413497, 0.024422500282526016, 0.00022384998737834394, 1.1920928244535389e-07, 2.3841830625315197e-06, 3.814689989667386e-06, 1.6212332411669195e-05, 0.00033766290289349854, 0.0, 0.0, 6.23445157543756e-05, 2.3841855067985307e-07, 0.002427133498713374, 0.0015117417788133025, 5.364403477869928e-06, 0.00012778419477399439, 3.731181277544238e-05, 2.1576648578047752e-05, 0.00019202772818971425, 0.00036793138133361936, 6.9141146923357155e-06, 0.0004904259694740176, 7.152555099310121e-07, 0.00017295771976932883, 1.1920928244535389e-07, 0.05313261225819588, 5.245195097813848e-06, 9.65590606938349e-06, 2.3841855067985307e-07, 4.5536911784438416e-05, 0.0020123724825680256, 0.01808370091021061, 2.074220174108632e-05, 7.510157047363464e-06, 0.0, 0.007251253817230463, 0.00023147765023168176, 0.0005050813779234886, 0.00039057256071828306, 1.3232143828645349e-05, 8.022463589441031e-05, 0.004422052297741175, 2.861018856492592e-06, 0.0, 4.029192859889008e-05, 0.00535624660551548, 1.1920858014491387e-05, 4.410734163684538e-06, 3.480850500636734e-05, 3.933898824470816e-06, 1.2040065485052764e-05, 0.0, 1.1920922133867862e-06, 4.6491513785440475e-06, 0.00016342257731594145, 0.010311424732208252, 3.4570634852570947e-06, 0.0020998113323003054, 0.00010406429646536708, 0.0, 0.00036244976217858493, 5.2689116273541003e-05, 0.00016532962035853416, 1.0967194612021558e-05, 0.0002540027489885688, 0.0018077236600220203, 5.400034933700226e-05, 0.0005324853118509054, 0.033537644892930984, 3.7788631743751466e-05, 1.1920928244535389e-07, 0.000321336614433676, 0.01978776603937149, 0.03072206676006317)

* * * * * * * * * * * * * * * * * * * * * * * * * * * * * * * * *

|D| : 1000, |D_0| : 999, |D_1| : 1000
N = N_0 = N_1 : 100
Epochs : 200, Batch size : 100
DP STD : 0.1
l_0 : (0.00045110538485459983, 6.318072337307967e-06, 0.0012197205796837807, 0.005888613872230053, 0.0005367745761759579, 7.843663479434326e-05, 0.07682022452354431, 0.002529756398871541, 0.002753754146397114, 0.0002348147245356813, 6.5205356804654e-05, 0.0016784878680482507, 0.0018071286613121629, 0.011003175750374794, 0.00023040501400828362, 3.6000557884108275e-05, 0.0039175208657979965, 4.887569048150908e-06, 4.172316494077677e-06, 0.0016944350209087133, 8.630380034446716e-05, 0.003606246318668127, 7.045020902296528e-05, 0.00755725521594286, 0.00015186110977083445, 0.016263552010059357, 0.00014399446081370115, 0.0011757849715650082, 0.0003680505615193397, 0.007219180930405855, 8.582700684200972e-05, 0.00023648326168768108, 0.001821169862523675, 0.0006528153317049146, 0.00112791801802814, 2.634490556374658e-05, 0.03186645358800888, 0.00010489867418073118, 0.00016068121476564556, 0.00015138434537220746, 0.0003073934931308031, 0.00300717749632895, 6.985420623095706e-05, 2.3841830625315197e-06, 0.014796280302107334, 1.0728830375228426e-06, 0.008518549613654613, 0.0006336349761113524, 0.0007083290838636458, 0.00011824862303910777, 3.182837463100441e-05, 0.008127355016767979, 3.504691630951129e-05, 1.1801649634435307e-05, 9.65590606938349e-06, 9.214453893946484e-05, 3.218599158572033e-05, 0.0028049908578395844, 1.0490362910786644e-05, 0.00021514961554203182, 0.000532008707523346, 0.0009897815762087703, 0.0031513336580246687, 0.002837562235072255, 3.969590397900902e-05, 0.0012634160229936242, 0.0030333243776112795, 0.00010215714428341016, 0.0018020119750872254, 0.002819374669343233, 0.0011478032683953643, 0.0007650309125892818, 0.000535821367520839, 0.0005695389700122178, 0.0002915434306487441, 4.529942543740617e-06, 0.0370824821293354, 3.611976353568025e-05, 0.0001267114421352744, 2.3245540432981215e-05, 0.0019470559200271964, 0.03496100381016731, 8.785339014139026e-05, 0.00017081231635529548, 9.643566590966657e-05, 4.7444173105759546e-05, 8.380061626667157e-05, 9.131014667218551e-05, 0.004794766660779715, 3.981510963058099e-05, 1.549708758830093e-05, 0.00039760314393788576, 0.00024029705673456192, 4.672895011026412e-05, 0.0001908358681248501, 9.65590606938349e-06, 0.0018441352294757962, 0.00027938754647038877, 0.000248043768806383, 0.004790258593857288)
l_1 : (0.004415999166667461, 5.722029527532868e-06, 0.00012182447244413197, 0.003288577776402235, 0.0008636558777652681, 0.002499315422028303, 0.008990166708827019, 0.0031931623816490173, 0.0007135705673135817, 0.003133864840492606, 0.0020759000908583403, 0.004971167538315058, 0.0002917817619163543, 0.0002865380665753037, 0.003929870203137398, 0.004969388246536255, 0.004099775105714798, 0.26211661100387573, 0.0010988633148372173, 6.23445157543756e-05, 0.00023195437097456306, 0.00015841660206206143, 5.602679812000133e-05, 0.0002002515539061278, 0.02722034975886345, 7.152555099310121e-07, 0.0006233894382603467, 0.0004601611872203648, 1.9073468138230965e-06, 0.00022206225548870862, 0.013874865137040615, 0.00933827180415392, 0.0009536962606944144, 0.0012571059633046389, 3.182837463100441e-05, 7.152531907195225e-06, 0.0018734062323346734, 0.0002762889489531517, 0.000996331567876041, 0.0012715120101347566, 6.282132380874828e-05, 0.003970003686845303, 0.2170255482196808, 0.0027019204571843147, 2.264974000354414e-06, 5.972207145532593e-05, 0.005982587579637766, 0.01181886252015829, 0.0007109498255886137, 0.0013563967077061534, 0.001712523982860148, 2.098061486321967e-05, 0.002981980564072728, 0.0001774868869688362, 0.0006070678355172276, 3.290122185717337e-05, 0.00011753345461329445, 0.003459066851064563, 0.27707639336586, 0.0008554374799132347, 0.0007479969062842429, 0.0007913556764833629, 0.000929519534111023, 0.06082655489444733, 0.00012265883560758084, 0.0077531603164970875, 0.00028618055512197316, 0.010757667943835258, 1.8715683836489916e-05, 0.0003510097449179739, 0.00042358008795417845, 0.0052552176639437675, 5.495397272170521e-05, 0.001405324088409543, 0.025150945410132408, 0.00047743841423653066, 1.7881377516459906e-06, 0.0062490543350577354, 0.000129691296024248, 1.168244216387393e-05, 0.011178013868629932, 0.001932421582750976, 6.19869097135961e-05, 5.2569914259947836e-05, 0.0001431601122021675, 0.0008535317610949278, 0.000205018965061754, 0.03817039355635643, 0.0006168370018713176, 0.0003426679759286344, 0.0018065337790176272, 0.0003856868715956807, 0.00852114986628294, 0.0002867764269467443, 0.0015943447360768914, 0.0005353448214009404, 4.637133679352701e-05, 5.113947918289341e-05, 0.0003200257197022438, 0.0004017737810499966)

* * * * * * * * * * * * * * * * * * * * * * * * * * * * * * * * *

|D| : 1000, |D_0| : 999, |D_1| : 1000
N = N_0 = N_1 : 100
Epochs : 200, Batch size : 100
DP STD : 0.1
l_0 : (0.08125541359186172, 0.019286954775452614, 0.005713323131203651, 0.0022431467659771442, 0.011640013195574284, 2.0403339862823486, 0.16078202426433563, 0.4312518537044525, 0.024218197911977768, 0.06494774669408798, 0.23410280048847198, 0.0019511011196300387, 0.02563198283314705, 0.0024700628127902746, 0.23703642189502716, 0.02220657654106617, 0.8612200617790222, 0.0561896413564682, 5.6980417866725475e-05, 0.19161652028560638, 0.0298805870115757, 0.0046743410639464855, 0.007906687445938587, 0.0010246747406199574, 1.1888706684112549, 0.029378322884440422, 0.24927151203155518, 0.00021419614495243877, 0.02412441000342369, 0.27314504981040955, 1.4507312774658203, 0.009235991165041924, 1.262549877166748, 0.13644905388355255, 0.36321011185646057, 0.004494565073400736, 0.002039734972640872, 0.27871671319007874, 3.2922797203063965, 4.005725860595703, 0.00033790123416110873, 0.0016191004542633891, 0.2552932798862457, 0.0069636269472539425, 0.06475111842155457, 0.0039267828688025475, 0.3535393178462982, 0.0023278300650417805, 0.20336301624774933, 0.0013112765736877918, 0.17322200536727905, 0.3055093288421631, 3.755022044060752e-05, 0.33919286727905273, 0.001663492526859045, 0.00035232058144174516, 2.3183040618896484, 0.0501738041639328, 0.005588621832430363, 0.08451222628355026, 0.14377102255821228, 1.7401679754257202, 0.33362647891044617, 0.01864280179142952, 0.0006344689172692597, 0.30914849042892456, 9.059495641849935e-05, 0.05712851881980896, 0.20110101997852325, 0.0006344689172692597, 2.116405725479126, 0.023031234741210938, 0.01706663891673088, 0.0016232660273090005, 0.09571618586778641, 0.48842093348503113, 0.16669730842113495, 0.005694950930774212, 6.937739817658439e-05, 1.304714560508728, 2.8959131240844727, 0.013986076228320599, 0.008937828242778778, 0.007510165683925152, 0.18463128805160522, 0.05224303528666496, 0.020808368921279907, 0.0018423503497615457, 0.09202666580677032, 0.0050146994180977345, 2.179917335510254, 1.4711227416992188, 0.001662064460106194, 0.1837177574634552, 0.03324329853057861, 0.0025798154529184103, 0.03317122533917427, 0.20178011059761047, 0.7137126922607422, 1.4830693006515503)
l_1 : (0.33670321106910706, 0.004338020924478769, 0.43407493829727173, 0.0730590894818306, 0.050937097519636154, 4.8040190449682996e-05, 2.9470901489257812, 0.13536255061626434, 0.2386525273323059, 0.0011543523287400603, 0.0019437245791777968, 0.016093237325549126, 0.056587714701890945, 0.15169133245944977, 0.016776077449321747, 0.01580028049647808, 0.7227862477302551, 1.6908442974090576, 0.23667407035827637, 0.010258565656840801, 0.002364460611715913, 0.012385597452521324, 0.010132305324077606, 0.07908152788877487, 1.3078694343566895, 0.0009848987683653831, 0.0005038899253122509, 0.04253675416111946, 0.003529155161231756, 0.12829692661762238, 0.14113137125968933, 0.01843871921300888, 0.004348584450781345, 0.04503924027085304, 0.023889319971203804, 0.023827629163861275, 0.009207407012581825, 0.022231874987483025, 0.46459248661994934, 0.00745999813079834, 0.5326299071311951, 0.5251471400260925, 0.09153890609741211, 0.0021996130235493183, 0.0004086851258762181, 0.011053166352212429, 1.9833829402923584, 0.00031871485407464206, 0.14655755460262299, 0.16739915311336517, 0.000563224486541003, 0.4124874770641327, 0.0067379651591181755, 0.030870025977492332, 0.5221115946769714, 0.001359015703201294, 0.01961314119398594, 0.0001736728590913117, 0.00021252757869660854, 0.0024172631092369556, 0.0025173898320645094, 4.199406147003174, 0.025516945868730545, 0.0020754244178533554, 0.008236134424805641, 0.0013250865740701556, 0.041171856224536896, 0.19297578930854797, 0.20173723995685577, 0.4142057001590729, 0.0038433035369962454, 0.017644815146923065, 0.00498848594725132, 4.157077789306641, 0.0061334241181612015, 0.01698155514895916, 0.00541944382712245, 1.036203145980835, 6.4490144723095e-05, 0.0010312244994565845, 0.007204623892903328, 0.25362080335617065, 0.07858993858098984, 0.024379223585128784, 0.10557254403829575, 0.07140098512172699, 0.09602010995149612, 0.003305568592622876, 0.04086006432771683, 0.021849626675248146, 0.000444551813416183, 0.916965901851654, 1.1012120246887207, 0.02858993224799633, 0.014357360079884529, 2.406470775604248, 0.00077622797107324, 0.016789207234978676, 0.19003166258335114, 0.07799755036830902)

* * * * * * * * * * * * * * * * * * * * * * * * * * * * * * * * *

|D| : 1000, |D_0| : 999, |D_1| : 1000
N = N_0 = N_1 : 100
Epochs : 200, Batch size : 100
DP STD : 0.1
l_0 : (0.017276039347052574, 1.3026050329208374, 0.0001770101225702092, 0.05972956120967865, 0.47600218653678894, 1.7165990357170813e-05, 0.013254272751510143, 6.270212179515511e-05, 0.0001559135998832062, 0.0017225203337147832, 2.586808113846928e-05, 0.0011822147062048316, 0.0007987407734617591, 0.00010644822759786621, 0.00011669908417388797, 0.07372162491083145, 0.04921180382370949, 0.0003023882454726845, 0.0003947432560380548, 0.25522512197494507, 0.0001394651480950415, 0.004090277012437582, 0.00012170527770649642, 0.00018809456378221512, 0.06732507795095444, 0.0026203603483736515, 0.0018748340662568808, 0.0023974028881639242, 0.000624104228336364, 7.033323527139146e-06, 0.05275226756930351, 0.0017151420470327139, 0.003966560587286949, 0.0, 0.0001821352052502334, 0.016834689304232597, 0.0034464742057025433, 0.0, 0.01769646629691124, 0.3398236930370331, 0.0060482332482934, 0.06882793456315994, 0.0006268443539738655, 0.0005000770906917751, 0.975047767162323, 0.0015947017818689346, 7.021180499577895e-05, 0.0058275796473026276, 8.344646857949556e-07, 5.364403477869928e-06, 0.0006750926841050386, 2.861018856492592e-06, 0.013435421511530876, 3.576272320060525e-06, 0.020178398117423058, 0.5060966610908508, 0.5130089521408081, 2.098061486321967e-05, 0.23361018300056458, 0.012705803848803043, 0.0004943578969687223, 1.1801649634435307e-05, 7.879423355916515e-05, 3.576278118089249e-07, 8.583032467868179e-06, 0.024508001282811165, 0.010854015126824379, 0.00010084597306558862, 0.0004234609368722886, 0.009826974011957645, 4.8040190449682996e-05, 0.00472381804138422, 0.0026537699159234762, 0.0036069590132683516, 0.03776721656322479, 0.001116367639042437, 0.00014351768186315894, 0.0993308424949646, 0.00010775939153973013, 0.001320562674663961, 5.960446742392378e-06, 6.794906312279636e-06, 7.510157047363464e-06, 0.20717379450798035, 0.0028278145473450422, 2.806039571762085, 0.004649304784834385, 2.7418097943154862e-06, 1.010148286819458, 5.602820692729438e-06, 6.675497570540756e-05, 0.000505677133332938, 0.009061522781848907, 0.034608691930770874, 0.13648702204227448, 0.3122008442878723, 0.11638779193162918, 0.0014329414116218686, 0.0021734442561864853, 0.012470485642552376)
l_1 : (0.00029392691794782877, 0.035203058272600174, 7.629365427419543e-06, 0.00017152745567727834, 0.0021021903958171606, 0.05462544038891792, 1.3112935448589269e-05, 2.13382354559144e-05, 4.6491513785440475e-06, 1.1324817933200393e-05, 1.1920922133867862e-06, 0.00019167017308063805, 5.98412734689191e-05, 0.02904280088841915, 9.846202738117427e-05, 0.002271454781293869, 3.6954811548639555e-06, 0.00021228920377325267, 0.08425409346818924, 2.3841855067985307e-07, 0.005077444016933441, 0.07641908526420593, 0.00021407696476671845, 0.0073585896752774715, 0.0002714027068577707, 0.0003084660565946251, 1.6689286894688848e-06, 3.075552376685664e-05, 0.00039057256071828306, 0.29758381843566895, 0.0025258325040340424, 0.010198269970715046, 0.001261153956875205, 0.0007007050444371998, 6.9141146923357155e-06, 0.001279012649320066, 0.010076486505568027, 0.00015269544383045286, 0.02561432123184204, 0.00010597144137136638, 0.00130282377358526, 1.4305104514278355e-06, 1.1920928244535389e-07, 1.6927575416048057e-05, 0.0005663221818394959, 1.5497195136049413e-06, 4.7444173105759546e-05, 8.344646857949556e-07, 6.031808152329177e-05, 6.317653179168701, 0.00021872512297704816, 8.511180931236595e-05, 0.013269565999507904, 1.8954096958623268e-05, 0.5329558253288269, 0.015216106548905373, 0.02282676473259926, 0.00035529976594261825, 0.00019870213873218745, 0.00011753345461329445, 6.079655122448457e-06, 9.345571743324399e-05, 0.00022230061586014926, 4.768370445162873e-07, 0.005129154305905104, 0.036013852804899216, 0.14240972697734833, 0.0001370812824461609, 0.00018165845540352166, 0.0, 0.0001461399078834802, 0.00018904806347563863, 0.0012175773736089468, 0.002049609087407589, 0.0002022777043748647, 0.011555054225027561, 0.000285584683297202, 0.0002512616047170013, 0.0004012971476186067, 0.0009617946925573051, 0.09590509533882141, 0.00012396997772157192, 0.0, 0.14349262416362762, 2.8967437174287625e-05, 1.4781842764932662e-05, 0.0010338444262742996, 0.00760268559679389, 0.005307037848979235, 0.011223751120269299, 1.9550132492440753e-05, 0.01891995407640934, 0.005630230065435171, 0.02279367297887802, 0.0004986473359167576, 3.6954811548639555e-06, 4.768370445162873e-07, 0.04386305809020996, 0.0006135011790320277, 0.00046397410915233195)

* * * * * * * * * * * * * * * * * * * * * * * * * * * * * * * * *

|D| : 1000, |D_0| : 999, |D_1| : 1000
N = N_0 = N_1 : 100
Epochs : 200, Batch size : 100
DP STD : 0.1
l_0 : (0.00409158319234848, 0.02838045358657837, 0.46372780203819275, 0.0011461363174021244, 0.690529465675354, 0.004351789131760597, 0.30690857768058777, 1.2513821125030518, 0.583396852016449, 0.8244860172271729, 0.027027642354369164, 1.9504822492599487, 0.21590650081634521, 0.3380812704563141, 0.06544888019561768, 0.16154687106609344, 0.011337262578308582, 0.1246115043759346, 0.009687908925116062, 0.009891186840832233, 0.007169353775680065, 0.10564344376325607, 0.10381677746772766, 0.00757606653496623, 0.7023292183876038, 0.00496476236730814, 0.08647778630256653, 0.12474094331264496, 0.005323875695466995, 0.7091024518013, 0.6100096106529236, 0.06688588112592697, 0.0004924515378661454, 0.002453771186992526, 0.06852008402347565, 0.39966970682144165, 0.04314526543021202, 0.5588151216506958, 0.007724415510892868, 0.11857257783412933, 0.1557748019695282, 1.223097324371338, 0.48872116208076477, 0.0812821164727211, 0.011144769378006458, 0.004341463092714548, 0.10010293871164322, 1.5541692972183228, 0.3748036324977875, 0.035636838525533676, 0.8416567444801331, 0.011131801642477512, 0.0004353767435532063, 0.7904963493347168, 0.20077133178710938, 0.35714858770370483, 0.0024673277512192726, 0.025822287425398827, 0.34080594778060913, 1.5388555526733398, 0.2645541727542877, 0.048008594661951065, 0.39088284969329834, 1.1592109203338623, 0.5200873613357544, 0.004341937601566315, 0.014584832824766636, 0.005665672942996025, 0.06795801222324371, 0.0021556015126407146, 0.010660839267075062, 0.08582200109958649, 0.14370658993721008, 0.003976890817284584, 0.013152861967682838, 0.0382302887737751, 0.3587835133075714, 0.16051381826400757, 0.03692452237010002, 0.04957250505685806, 0.014336442574858665, 0.009500175714492798, 0.15619786083698273, 0.36459481716156006, 0.07494927942752838, 1.5270001888275146, 0.007397403009235859, 0.9005897045135498, 0.21519136428833008, 0.02178850956261158, 0.014956246130168438, 0.02079424262046814, 0.04586146026849747, 0.29205045104026794, 0.15863798558712006, 0.07347985357046127, 1.112330436706543, 0.0344291515648365, 0.006634707562625408, 0.7534774541854858)
l_1 : (0.06656337529420853, 0.004394398536533117, 0.0006051616510376334, 0.1660212129354477, 0.08155342936515808, 0.002864070236682892, 0.2562588155269623, 1.3285622596740723, 0.05038704350590706, 0.06804566085338593, 0.024771323427557945, 0.016959520056843758, 3.155871868133545, 0.0028461208567023277, 0.033051978796720505, 0.0018703126115724444, 0.20265355706214905, 1.637209415435791, 0.005927246995270252, 0.06489099562168121, 0.182137593626976, 0.31362855434417725, 0.7383290529251099, 0.001209719106554985, 0.006301059853285551, 0.12996305525302887, 0.004438548814505339, 0.33095526695251465, 0.12233007699251175, 0.010449695400893688, 0.0011093420907855034, 0.0065146214328706264, 0.030858352780342102, 1.179893136024475, 0.028642989695072174, 0.05865778401494026, 0.11706434190273285, 0.002604071283712983, 0.8323623538017273, 0.003455859376117587, 0.09867274761199951, 0.008083722554147243, 0.06849292665719986, 0.021957622841000557, 0.43818414211273193, 0.00029666791670024395, 0.12531480193138123, 0.006409090012311935, 0.47410354018211365, 0.02365347556769848, 0.9567687511444092, 0.02019253373146057, 0.002179748611524701, 0.009165238589048386, 0.001178047270514071, 0.5714215040206909, 0.2474745362997055, 0.012589740566909313, 1.5408366918563843, 0.00031323294388130307, 0.002861098386347294, 0.06094926595687866, 2.0537900924682617, 0.4038228988647461, 1.6467783451080322, 0.0023834886960685253, 0.2735931873321533, 0.012546537443995476, 0.23143550753593445, 0.004193085711449385, 0.14024236798286438, 0.0176650770008564, 0.43116873502731323, 0.12769603729248047, 0.048412665724754333, 1.2500879764556885, 0.2079632431268692, 0.007958606816828251, 0.0010975534096360207, 0.004655237775295973, 0.0025095418095588684, 0.7793095707893372, 0.00033122775494121015, 0.04164353385567665, 1.315631628036499, 0.08002711832523346, 0.008634377270936966, 0.0007649118197150528, 0.09594126790761948, 0.007532291114330292, 0.02165902964770794, 0.2590470016002655, 0.004105354659259319, 0.014582131057977676, 0.1895701140165329, 0.17118889093399048, 0.11175623536109924, 0.005877592600882053, 0.4969519078731537, 0.3349708318710327)

* * * * * * * * * * * * * * * * * * * * * * * * * * * * * * * * *

|D| : 1000, |D_0| : 999, |D_1| : 1000
N = N_0 = N_1 : 100
Epochs : 200, Batch size : 100
DP STD : 0.1
l_0 : (5.19253396987915, 1.605081558227539, 0.4623987376689911, 1.9628195762634277, 0.7563617825508118, 0.4279668629169464, 4.043550491333008, 0.3688039183616638, 1.9656031131744385, 1.9046804904937744, 0.4315546154975891, 3.1144161224365234, 2.203131675720215, 1.7528812885284424, 0.4337362051010132, 0.25695744156837463, 0.3644246757030487, 1.0651094913482666, 9.00454044342041, 7.46909761428833, 7.441869258880615, 2.847371816635132, 4.121688365936279, 0.10237166285514832, 4.461925983428955, 0.9937694668769836, 3.809705972671509, 3.257565498352051, 0.33997687697410583, 0.2004125714302063, 0.0373673178255558, 0.8179935812950134, 0.3133839964866638, 1.0280777215957642, 1.2760199308395386, 2.9582600593566895, 0.5402992367744446, 2.4760758876800537, 5.941158771514893, 4.591825008392334, 2.6563003063201904, 2.0028648376464844, 0.2321445196866989, 8.26748275756836, 0.4110409915447235, 7.231979846954346, 4.432750701904297, 4.3275580406188965, 0.3744520843029022, 0.3002881705760956, 6.4613494873046875, 0.04021214321255684, 2.532010316848755, 1.1289613246917725, 2.095949411392212, 1.9736487865447998, 0.2442418485879898, 2.848294258117676, 1.264735221862793, 2.585789203643799, 0.28122517466545105, 2.5039525032043457, 0.14519119262695312, 0.1640898436307907, 3.2467920780181885, 1.5404276847839355, 0.004823595751076937, 3.8006865978240967, 1.9763133525848389, 0.014727447181940079, 1.8261255025863647, 0.805686891078949, 5.169275760650635, 0.11354377865791321, 2.165482759475708, 5.204707622528076, 1.6370347738265991, 0.03429507836699486, 5.807235240936279, 2.806227207183838, 2.3254449367523193, 1.467905044555664, 3.7814712524414062, 1.9405732154846191, 0.2687132954597473, 1.4706125259399414, 0.5479560494422913, 3.5463876724243164, 0.40662726759910583, 0.26559215784072876, 0.7818332314491272, 7.631349563598633, 6.19901704788208, 0.9210805296897888, 2.570300340652466, 0.7442386746406555, 0.2698196768760681, 1.6071689128875732, 1.6775810718536377, 0.49628016352653503)
l_1 : (0.2846803367137909, 1.5048482418060303, 6.2614426612854, 0.013655225746333599, 0.2737434208393097, 0.040273863822221756, 0.011351759545505047, 0.17994502186775208, 0.04691530019044876, 1.4066579341888428, 1.3658239841461182, 0.016293810680508614, 0.019235385581851006, 0.062051646411418915, 4.570827960968018, 0.1739712804555893, 2.036283016204834, 0.01677701622247696, 0.04365435987710953, 2.3742611408233643, 0.034838054329156876, 0.0003623305819928646, 3.543513774871826, 0.09507912397384644, 0.004545119125396013, 0.9029287695884705, 0.007084250915795565, 0.006678285542875528, 0.4186848998069763, 0.08135244995355606, 0.7742882966995239, 0.5193241834640503, 0.3390441834926605, 0.18573468923568726, 0.9423894882202148, 0.1535639613866806, 0.08974817395210266, 1.1390212774276733, 0.8511736989021301, 0.12135050445795059, 0.029498126357793808, 2.2168447971343994, 0.21301226317882538, 2.418282985687256, 0.19003373384475708, 1.7974127531051636, 0.005412803962826729, 0.003933194559067488, 0.5151326060295105, 0.005100571550428867, 0.5863979458808899, 2.601522207260132, 0.13196611404418945, 6.512448310852051, 2.1180427074432373, 0.010748469270765781, 0.1077350378036499, 0.013548211194574833, 0.24158446490764618, 0.0024706574622541666, 0.11316721141338348, 6.798389434814453, 0.09063854813575745, 1.0760116577148438, 0.009156852029263973, 0.011365195736289024, 0.06202632561326027, 0.0005411829333752394, 0.020023705437779427, 0.3111404478549957, 0.32619020342826843, 0.0006158839096315205, 1.5899295806884766, 0.25028562545776367, 2.0930590629577637, 0.23209404945373535, 3.526780843734741, 0.022884324193000793, 0.1412471979856491, 0.06596683710813522, 0.487964391708374, 0.1956479251384735, 1.951070785522461, 2.3631813526153564, 0.32746922969818115, 1.1647454500198364, 0.21953387558460236, 1.524940013885498, 0.0375446118414402, 0.2714605927467346, 5.822791576385498, 2.5133535861968994, 0.12327107042074203, 0.14296238124370575, 2.0638935565948486, 0.032349005341529846, 0.15570767223834991, 0.028609279543161392, 0.330279141664505, 3.1765990257263184)

* * * * * * * * * * * * * * * * * * * * * * * * * * * * * * * * *

|D| : 1000, |D_0| : 999, |D_1| : 1000
N = N_0 = N_1 : 100
Epochs : 200, Batch size : 100
DP STD : 0.1
l_0 : (0.8716548681259155, 3.4897708892822266, 0.2273407280445099, 2.07039213180542, 0.22786764800548553, 0.511111319065094, 0.06548550724983215, 1.4962809085845947, 0.003079674206674099, 2.170619487762451, 0.07209079712629318, 0.08704200387001038, 2.096754550933838, 1.4474799633026123, 0.01055008266121149, 0.48642489314079285, 6.531546592712402, 0.027455702424049377, 0.04356488585472107, 0.7704916000366211, 0.38252782821655273, 5.124202251434326, 0.005221420433372259, 0.15370525419712067, 3.95620059967041, 1.298287272453308, 0.8965028524398804, 0.7224551439285278, 0.49964287877082825, 0.6231300234794617, 0.0011823337990790606, 3.786403179168701, 0.2445213794708252, 5.684577941894531, 0.017813343554735184, 0.0048539661802351475, 1.549708758830093e-05, 6.139472007751465, 0.002690031658858061, 0.09648513048887253, 0.0008117241668514907, 0.013013670220971107, 4.145444393157959, 6.030128479003906, 0.021852191537618637, 0.8978572487831116, 4.322760581970215, 1.2605034112930298, 0.14472444355487823, 0.0003326578007545322, 0.043558269739151, 5.703701496124268, 5.4714860916137695, 1.1963305473327637, 0.0004589696181938052, 0.3404434323310852, 6.358180999755859, 0.08059927821159363, 1.4669883251190186, 0.12607425451278687, 0.11574911326169968, 1.1602152585983276, 2.226863145828247, 6.194946765899658, 2.29899525642395, 0.000454799213912338, 0.015464630909264088, 0.0810999944806099, 0.01059549581259489, 0.48240458965301514, 0.14445634186267853, 7.622323513031006, 2.837254762649536, 0.20009048283100128, 3.3658523559570312, 0.05125788226723671, 0.41145575046539307, 4.480520725250244, 9.138172149658203, 0.07430105656385422, 3.567598581314087, 4.929083347320557, 0.15296179056167603, 1.9996486902236938, 0.5858012437820435, 5.957170009613037, 0.704424262046814, 4.2103657722473145, 1.0259580612182617, 0.4034329056739807, 0.07079333066940308, 0.25942865014076233, 1.2553428411483765, 0.21420815587043762, 1.6118590831756592, 0.010017831809818745, 1.6999943256378174, 2.4698967933654785, 0.0021023093722760677, 0.05711928755044937)
l_1 : (1.1174633502960205, 0.004286269191652536, 0.20904982089996338, 2.8300528526306152, 0.0023613683879375458, 0.11142143607139587, 0.007754343096166849, 1.8782477378845215, 0.09910479187965393, 0.003000997006893158, 0.7214961647987366, 0.06432688236236572, 0.04347483813762665, 0.39992403984069824, 0.002095409668982029, 1.753654956817627, 0.0007314390386454761, 0.04829942435026169, 0.07317066937685013, 4.439068794250488, 0.046050116419792175, 0.00330901425331831, 0.000284154579276219, 0.00017105070583056659, 0.22050105035305023, 0.0420987606048584, 0.00818363856524229, 0.0012535341084003448, 0.01787329837679863, 1.2993727978027891e-05, 0.40214788913726807, 0.6529216766357422, 0.07630632072687149, 0.0005814530304633081, 0.00011538793478393927, 3.364044189453125, 0.6376041173934937, 0.03482596576213837, 5.803106307983398, 0.07940849661827087, 0.019291864708065987, 0.0288254264742136, 0.011524651199579239, 0.0015692312736064196, 0.3102535307407379, 6.198863957251888e-06, 2.208083152770996, 0.03974585980176926, 7.488523006439209, 0.03458024933934212, 0.028911130502820015, 0.27413246035575867, 1.5684592723846436, 0.8013959527015686, 0.009002217091619968, 1.8922288417816162, 2.8449559211730957, 4.009403228759766, 0.13613803684711456, 0.022845758125185966, 0.34737664461135864, 0.1313261240720749, 2.9709248542785645, 0.09088153392076492, 0.3239443600177765, 0.0013067525578662753, 2.9663658142089844, 0.06787102669477463, 0.002127052517607808, 1.4122309684753418, 0.0027626703958958387, 0.009131573140621185, 0.009673623368144035, 5.409405708312988, 0.9788604974746704, 1.7982263565063477, 0.11785191297531128, 0.15106016397476196, 0.00678153894841671, 0.0018665050156414509, 0.4741819202899933, 0.00139639584813267, 2.6702524337451905e-05, 2.3322839736938477, 2.897775888442993, 0.002979603596031666, 0.40418246388435364, 0.11453910171985626, 0.009646350517868996, 0.002094815019518137, 0.00046171018038876355, 0.01672637276351452, 0.009380078874528408, 0.2099214792251587, 0.05606330186128616, 0.06719991564750671, 0.5523930788040161, 0.00030787018476985395, 0.0022033003624528646, 2.2053474822314456e-05)

* * * * * * * * * * * * * * * * * * * * * * * * * * * * * * * * *

|D| : 1000, |D_0| : 999, |D_1| : 1000
N = N_0 = N_1 : 100
Epochs : 200, Batch size : 100
DP STD : 0.1
l_0 : (2.3841855067985307e-07, 0.013174745254218578, 0.0, 2.5510462364763953e-05, 0.0, 0.00015448330668732524, 0.005919070448726416, 6.389413465512916e-05, 1.1920928244535389e-07, 0.00015245705435518175, 0.0, 0.003870378714054823, 0.0, 0.0, 0.0, 1.6689286894688848e-06, 9.894321920000948e-06, 0.004040650092065334, 0.0, 0.03986717760562897, 3.576278118089249e-07, 5.960462772236497e-07, 2.3841855067985307e-07, 3.3378546504536644e-06, 0.0, 0.0002802217786666006, 0.0, 6.318072337307967e-06, 0.07360313087701797, 0.0, 0.006446992512792349, 0.010853661224246025, 5.960446742392378e-06, 1.4305104514278355e-06, 1.5139465176616795e-05, 0.0, 0.0008288762182928622, 0.004954442381858826, 0.0009887097403407097, 0.005738569889217615, 4.2437604861333966e-05, 1.0251946150674485e-05, 0.004954442381858826, 3.1709168979432434e-05, 1.1920928244535389e-07, 0.01905844360589981, 0.0015669699059799314, 4.768370445162873e-07, 0.00034433635300956666, 2.3841830625315197e-06, 4.136476854910143e-05, 6.186770770000294e-05, 2.8967437174287625e-05, 7.152555099310121e-07, 8.702239938429557e-06, 1.311301275563892e-06, 2.3841855067985307e-07, 0.0007398966699838638, 1.1920928244535389e-07, 2.753696753643453e-05, 1.1920928244535389e-07, 0.0, 3.933898824470816e-06, 1.9550132492440753e-05, 0.023555327206850052, 3.0517112463712692e-05, 4.8397800128441304e-05, 0.0, 4.768370445162873e-07, 0.0004670721245929599, 2.145764938177308e-06, 0.0, 1.680836794548668e-05, 0.11947870999574661, 2.9802276912960224e-06, 1.1205610462639015e-05, 1.1205610462639015e-05, 0.021427443251013756, 0.0005905076395720243, 0.007332082372158766, 7.867782187531702e-06, 6.341733387671411e-05, 0.0013052048161625862, 0.0, 7.152555099310121e-07, 9.536738616588991e-07, 2.3841855067985307e-07, 1.9073468138230965e-06, 7.152555099310121e-07, 3.576278118089249e-07, 0.0001722425949992612, 0.03631175309419632, 4.768370445162873e-07, 0.0017157370457425714, 0.20744925737380981, 0.0009193961159326136, 0.0002946419408544898, 0.0004909025738015771, 0.055885203182697296, 2.2649508537142538e-05)
l_1 : (2.753696753643453e-05, 9.536738616588991e-07, 4.768370445162873e-07, 0.0, 0.0002203936892328784, 1.0148072242736816, 1.5497195136049413e-06, 0.00028391621890477836, 2.622600959512056e-06, 0.00012361239350866526, 0.07316568493843079, 0.0002022777043748647, 0.0, 0.00020072828920092434, 0.0032229882199317217, 8.201262971851975e-05, 6.735097849741578e-05, 0.002043185057118535, 3.576278118089249e-07, 0.0018594847060739994, 8.344646857949556e-07, 0.00013064485392533243, 0.0, 4.291525328881107e-06, 0.001211386057548225, 9.536738616588991e-07, 0.00012611546844709665, 0.0, 0.00029225845355540514, 0.32790234684944153, 5.364403477869928e-06, 2.3841855067985307e-07, 0.0, 0.00021050144277978688, 2.1576648578047752e-05, 0.0003997480380348861, 0.0, 0.049790069460868835, 0.0, 2.50339189733495e-06, 0.001329253427684307, 9.548207890475169e-05, 0.00027926836628466845, 1.1920928244535389e-07, 1.311301275563892e-06, 7.748573807475623e-06, 0.0011194637045264244, 1.1920928244535389e-07, 7.915183232398704e-05, 5.960462772236497e-07, 3.099436753473128e-06, 5.8053239627042785e-05, 0.005088355392217636, 3.790783375734463e-05, 2.3841830625315197e-06, 0.0011979315895587206, 0.0, 1.0609570381348021e-05, 2.5033637939486653e-05, 0.0004596845537889749, 1.1920928244535389e-07, 0.036054790019989014, 1.0013530300057027e-05, 7.986990567587782e-06, 1.3708974620385561e-05, 0.010736793279647827, 0.0, 0.0, 0.0053903949446976185, 4.768370445162873e-07, 0.015033283270895481, 1.5497195136049413e-06, 0.00014101465058047324, 3.814624506048858e-05, 3.576278118089249e-07, 0.00011574551899684593, 0.0, 0.0005957497633062303, 0.00020883286197204143, 0.00014327930693980306, 1.1920928244535389e-07, 5.6265202147187665e-05, 0.00036971885128878057, 1.5497195136049413e-06, 5.125986263010418e-06, 7.617183291586116e-05, 3.2186455882765586e-06, 1.7881377516459906e-06, 1.1920928244535389e-07, 2.8371408916427754e-05, 2.3841855067985307e-07, 2.264974000354414e-06, 0.04582240432500839, 0.0013218722306191921, 0.001981796696782112, 0.0, 6.556489552167477e-06, 0.00029583368450403214, 3.0040289857424796e-05, 0.00015376816736534238)

* * * * * * * * * * * * * * * * * * * * * * * * * * * * * * * * *

|D| : 1000, |D_0| : 999, |D_1| : 1000
N = N_0 = N_1 : 100
Epochs : 200, Batch size : 100
DP STD : 0.1
l_0 : (4.134899139404297, 2.035830497741699, 0.3020091652870178, 1.7375017404556274, 1.358518123626709, 0.29856157302856445, 0.8071944713592529, 4.768004417419434, 3.2636754512786865, 6.1111578941345215, 2.639453411102295, 3.5369391441345215, 1.020075798034668, 3.907304048538208, 3.362975597381592, 5.120120048522949, 2.569103717803955, 4.3587470054626465, 5.390885829925537, 0.5084617733955383, 8.068671226501465, 4.662982940673828, 4.642255783081055, 4.115253448486328, 1.0018930435180664, 5.071151256561279, 1.101590871810913, 3.7883872985839844, 3.2777483463287354, 3.982295036315918, 1.2009665966033936, 1.9518671035766602, 1.6919853687286377, 1.8429138660430908, 6.327381610870361, 1.8240911960601807, 2.3887271881103516, 1.2184168100357056, 4.447990894317627, 4.2004289627075195, 0.44270968437194824, 3.1110260486602783, 4.327417373657227, 2.2449028491973877, 5.556766510009766, 0.0920388475060463, 4.615208625793457, 5.388868808746338, 3.6087613105773926, 2.1798622608184814, 5.719590663909912, 2.857332706451416, 0.42786651849746704, 2.9960203170776367, 0.15705730020999908, 1.63399338722229, 3.2048745155334473, 7.420783519744873, 2.200974225997925, 8.781112670898438, 1.0415875911712646, 2.4953320026397705, 4.296772480010986, 4.126068592071533, 2.1792232990264893, 5.332447528839111, 0.9165876507759094, 4.392594337463379, 0.4031637907028198, 2.292970657348633, 1.7262458801269531, 3.366844415664673, 5.479716777801514, 2.569685935974121, 0.3860548734664917, 3.69883394241333, 0.5207682251930237, 0.19715246558189392, 0.020893946290016174, 0.5448342561721802, 2.488023281097412, 2.997720718383789, 2.299612522125244, 6.879488945007324, 0.7279065847396851, 1.2007193565368652, 5.061068534851074, 2.890885353088379, 6.443984031677246, 3.6622214317321777, 4.325588703155518, 1.8823590278625488, 1.1710973978042603, 3.7757437229156494, 0.8590944409370422, 8.011590957641602, 6.997368812561035, 1.1205620765686035, 1.1365156173706055, 1.4369789361953735)
l_1 : (0.6840108633041382, 2.989706516265869, 0.08144904673099518, 0.944422721862793, 0.005440074019134045, 0.09686975926160812, 0.3975541591644287, 0.0758395567536354, 0.15621234476566315, 0.0588749498128891, 0.7597317099571228, 0.3184494972229004, 0.21721245348453522, 0.028348589316010475, 0.079129658639431, 0.25041723251342773, 0.00594111206009984, 0.12717613577842712, 0.008985796011984348, 0.3822779059410095, 0.6114104986190796, 0.011277266778051853, 0.05006609112024307, 0.0962885394692421, 0.257582426071167, 0.6095770001411438, 0.22080011665821075, 0.8841626048088074, 0.793332576751709, 0.42571523785591125, 1.072541356086731, 2.0481204986572266, 0.013596310280263424, 0.4805816411972046, 0.05044632405042648, 0.1352238655090332, 0.11324332654476166, 0.8536852598190308, 1.7710360288619995, 0.2964842617511749, 1.026312232017517, 1.1083993911743164, 0.5336352586746216, 1.03085196018219, 2.448190927505493, 1.0655386447906494, 0.17310751974582672, 0.10309969633817673, 0.1442270576953888, 1.1171096563339233, 0.15302716195583344, 1.5079426765441895, 1.8011093139648438, 0.7373234033584595, 0.07952135056257248, 0.10480143129825592, 0.33172744512557983, 0.5997398495674133, 0.10479982197284698, 0.07043375819921494, 0.5199263691902161, 0.09953730553388596, 2.4805808067321777, 0.05564912036061287, 0.06873667985200882, 0.694002628326416, 0.126005619764328, 0.19399678707122803, 0.32942062616348267, 0.018879011273384094, 0.17029103636741638, 0.3752206563949585, 0.06628484278917313, 0.7353041172027588, 1.2067909240722656, 0.00040951924165710807, 0.37387382984161377, 0.1904909312725067, 0.047507740557193756, 3.054924249649048, 0.21446244418621063, 0.07727240771055222, 0.018549775704741478, 0.03649130463600159, 0.00545536819845438, 0.3579728901386261, 1.3014557361602783, 0.33622339367866516, 0.46329376101493835, 0.4561624825000763, 0.2081017941236496, 1.4744250774383545, 1.637472152709961, 0.3354881703853607, 0.12212342023849487, 3.367845296859741, 0.8661415576934814, 0.08691676706075668, 0.7457607984542847, 0.03203987702727318)
