
* * * * * * * * * * * * * * * * * * * * * * * * * * * * * * * * *

|D| : 1000, |D_0| : 999, |D_1| : 1000
N = N_0 = N_1 : 100
Epochs : 200, Batch size : 100
DP STD : 0.1
l_0 : (0.0030005217995494604, 0.0014107999159023166, 0.002779313363134861, 0.0024641170166432858, 0.0014671048847958446, 0.0013074668822810054, 0.05183156952261925, 0.0005629861843772233, 0.005274191033095121, 0.000976800569333136, 0.001069212332367897, 0.0050504012033343315, 0.0014836505288258195, 0.0004876854654867202, 0.0012161486083641648, 0.0018153393175452948, 0.033313751220703125, 0.0011878109071403742, 0.0025234543718397617, 0.0007510940195061266, 0.020253514871001244, 0.0030699288472533226, 0.00011848701251437888, 0.0012367465533316135, 0.0005438040825538337, 0.0005696581210941076, 0.00016175392374861985, 0.00023541064001619816, 0.00012611546844709665, 0.00016032364510465413, 0.032518420368433, 0.009398619644343853, 7.366862701019272e-05, 0.001050516264513135, 0.002086249878630042, 0.005392173305153847, 0.012966837733983994, 0.00035982808913104236, 0.0007714632665738463, 0.004290660843253136, 0.0009289240115322173, 0.0006043276516720653, 0.008251740597188473, 0.001064687268808484, 0.0038290531374514103, 0.004564580507576466, 0.0009079624433070421, 0.021769730374217033, 6.425174069590867e-05, 0.00032145579461939633, 0.002083037979900837, 0.0020159415435045958, 0.04693429544568062, 0.01512992475181818, 0.0016999093350023031, 0.0066973501816391945, 0.002149891806766391, 0.0004987664869986475, 0.004597806371748447, 0.0019602624233812094, 5.2569914259947836e-05, 0.0014056811342015862, 7.509902934543788e-05, 3.0397906812140718e-05, 0.0003588747640606016, 0.0005044856225140393, 0.000102037942269817, 0.00040070133400149643, 0.000403084559366107, 0.004014173056930304, 0.012521815486252308, 0.0002040654799202457, 0.0011736417654901743, 0.0016041042981669307, 0.0004318020073696971, 0.00010144196130568162, 0.0015783959534019232, 0.000514851592015475, 9.405170567333698e-05, 0.026621801778674126, 0.00037150635034777224, 0.0005628670332953334, 0.0017216873820871115, 0.005589451640844345, 0.036982081830501556, 0.003872397355735302, 0.0002559096028562635, 8.749579137656838e-05, 0.027243319898843765, 0.0005187834613025188, 0.00716177886351943, 0.017610497772693634, 0.005882570054382086, 0.02069791406393051, 0.00034707720624282956, 0.0009216589969582856, 0.0006615119054913521, 0.009586017578840256, 0.024057496339082718, 0.0016108882846310735)
l_1 : (0.003701859852299094, 8.5588610090781e-05, 0.0008117241668514907, 0.003580827033147216, 0.005251067224889994, 0.0022833484690636396, 0.0216691792011261, 0.0006113567505963147, 0.004108797758817673, 0.001524953986518085, 0.0045918733812868595, 0.0002456601650919765, 0.000605638197157532, 0.0031036799773573875, 0.0002727136597968638, 0.00183723377995193, 0.0013580633094534278, 0.0014557965332642198, 0.0007823029300197959, 0.00039402826223522425, 0.0050442335195839405, 0.0003268184664193541, 0.0022812075912952423, 0.0001652104256208986, 0.000566203030757606, 0.0005731132114306092, 0.00038842763751745224, 0.000518664310220629, 0.00012730741582345217, 0.0047808862291276455, 0.03233053907752037, 0.0028330450877547264, 0.0016093410085886717, 0.001140778069384396, 0.00023326536756940186, 0.00037079135654494166, 0.00044705410255119205, 0.0068467771634459496, 7.83174327807501e-05, 0.0068486714735627174, 0.007594522554427385, 0.0008590107318013906, 0.00047267231275327504, 0.00044586253352463245, 0.00019560330838430673, 0.008218280971050262, 0.019726404920220375, 0.0032828745897859335, 0.0016224328428506851, 0.0011462554102763534, 0.004275823477655649, 0.04156291484832764, 0.002476959954947233, 0.00456956448033452, 0.0018468719208613038, 0.0035703741014003754, 0.001790707348845899, 2.706014311115723e-05, 0.011971177533268929, 0.008939837105572224, 0.0012300790986046195, 0.044903162866830826, 0.0004320403386373073, 0.0064270938746631145, 8.582700684200972e-05, 8.356221951544285e-05, 0.00040987672400660813, 0.006017662119120359, 0.01866573467850685, 0.0003325386205688119, 0.0014915067004039884, 0.00013815402053296566, 0.001157448161393404, 0.0013173482147976756, 0.0014382981462404132, 0.0023832509759813547, 0.00028725311858579516, 0.0007827793597243726, 0.0016831292305141687, 5.721882189391181e-05, 0.03031644970178604, 0.0004146431456319988, 0.000851387856528163, 0.00284077157266438, 0.0012204349040985107, 0.0005999195855110884, 0.0009344025747850537, 0.00267350603826344, 6.580135959666222e-05, 0.0031502642668783665, 0.16017910838127136, 0.00025185750564560294, 0.00818411074578762, 5.2927523938706145e-05, 0.017873533070087433, 0.00045003299601376057, 0.030105598270893097, 0.0018657910404726863, 0.0011643542675301433, 0.001401276676915586)

* * * * * * * * * * * * * * * * * * * * * * * * * * * * * * * * *

|D| : 1000, |D_0| : 999, |D_1| : 1000
N = N_0 = N_1 : 100
Epochs : 200, Batch size : 100
DP STD : 0.1
l_0 : (0.0029142312705516815, 0.4399113953113556, 1.0106093883514404, 0.046365417540073395, 3.9293978214263916, 4.821877479553223, 7.894052505493164, 0.003819909179583192, 0.036900512874126434, 0.0001137191939051263, 0.16175608336925507, 6.5625691413879395, 0.22168928384780884, 0.0008722314960323274, 0.00038378025055862963, 2.5794291496276855, 0.02489086426794529, 4.308187961578369, 0.003765755333006382, 0.05195799469947815, 0.0596415176987648, 0.2948092818260193, 1.0119543075561523, 1.0705811977386475, 4.906512260437012, 0.11525493860244751, 0.0776747539639473, 0.004095975775271654, 0.09108539670705795, 0.5637413263320923, 0.5424394607543945, 8.49862289428711, 0.0024201171472668648, 0.0022198338992893696, 0.0012405564775690436, 0.003933432046324015, 0.004625929053872824, 0.001943010720424354, 0.1404469907283783, 1.951998233795166, 0.05601990595459938, 1.6139347553253174, 4.573811054229736, 0.1282033920288086, 0.008971618488430977, 1.51228666305542, 5.150332927703857, 0.06223335489630699, 3.1342103481292725, 0.011073916219174862, 0.4441281855106354, 0.00018749863374978304, 0.008400935679674149, 1.0973243713378906, 3.6131088733673096, 0.0031569187995046377, 0.00023910524032544345, 3.559173107147217, 0.17234213650226593, 0.25234436988830566, 0.6553619503974915, 0.20882336795330048, 0.011906743980944157, 0.3651425540447235, 2.6225699912174605e-05, 1.9081816673278809, 0.9827315211296082, 1.0081571340560913, 0.06661869585514069, 5.598170757293701, 2.5702617168426514, 0.007672484032809734, 0.4134034514427185, 0.008857602253556252, 1.6995289325714111, 2.0494003295898438, 0.29218289256095886, 0.16226713359355927, 1.9397201538085938, 0.002004758222028613, 0.5331557393074036, 0.19745095074176788, 0.5874179005622864, 2.6760778427124023, 0.6336320638656616, 0.006832332815974951, 0.008177253417670727, 0.048944056034088135, 0.004634353797882795, 0.8215121626853943, 0.32683640718460083, 0.2863170802593231, 0.23318909108638763, 0.007395036518573761, 0.018549425527453423, 2.6571757793426514, 4.7480669021606445, 3.924387216567993, 0.0005432083853520453, 0.0005863377591595054)
l_1 : (0.08080227673053741, 0.0017481058603152633, 0.13484059274196625, 0.008134922944009304, 0.31108325719833374, 0.08146069198846817, 2.031568765640259, 3.516612196108326e-05, 0.00856547337025404, 0.1266811639070511, 1.6365143060684204, 0.023022031411528587, 0.0004644507134798914, 0.07681293785572052, 0.009285951964557171, 7.414542778860778e-05, 3.014348268508911, 0.0030643432401120663, 0.8302456140518188, 0.0033686577808111906, 0.0732649490237236, 0.020617106929421425, 0.0002195594133809209, 0.6298996806144714, 0.0016936019528657198, 0.003220373997464776, 3.3684048652648926, 0.6864714622497559, 0.2513466775417328, 0.04741031304001808, 0.005308460909873247, 0.018311498686671257, 0.00012718822108581662, 0.0006430465145967901, 0.5424602627754211, 0.0002134810492862016, 0.013602543622255325, 0.48245182633399963, 0.0006717570940963924, 0.11109688133001328, 0.00023326536756940186, 7.169398784637451, 0.33436885476112366, 0.05682740733027458, 0.7462471127510071, 0.0014690094394609332, 0.016010884195566177, 1.1687602996826172, 8.62031078338623, 0.008775360882282257, 0.08238713443279266, 0.3842495083808899, 1.6867458820343018, 0.00036554806865751743, 0.001693839905783534, 0.8836249113082886, 1.1083216667175293, 0.00100740697234869, 1.7299180030822754, 4.946996688842773, 0.00018618757894728333, 0.01709851436316967, 1.0404661893844604, 0.1012616977095604, 0.0006749735912308097, 1.1812374591827393, 3.7615890502929688, 0.0014323461800813675, 0.3196653723716736, 0.003312697634100914, 0.6081196665763855, 0.6163391470909119, 0.0013019903562963009, 1.5692729949951172, 0.000872946111485362, 0.0003890234511345625, 0.001780949649401009, 0.0005355831235647202, 0.14475126564502716, 0.021425459533929825, 0.000256982195423916, 0.0032518624793738127, 1.809012770652771, 0.0035778575111180544, 0.9604099988937378, 0.0004940004437230527, 0.14476756751537323, 2.7172975540161133, 0.00038389943074434996, 3.9934315282152966e-05, 0.0005712069687433541, 8.526139259338379, 0.019812660291790962, 0.000442407006630674, 0.07276573032140732, 0.361741840839386, 0.4476643204689026, 0.10153992474079132, 0.044447388499975204, 0.0946924015879631)

* * * * * * * * * * * * * * * * * * * * * * * * * * * * * * * * *

|D| : 1000, |D_0| : 999, |D_1| : 1000
N = N_0 = N_1 : 100
Epochs : 200, Batch size : 100
DP STD : 0.1
l_0 : (4.908219814300537, 0.6449600458145142, 0.4512518644332886, 0.00021073981770314276, 0.0025455711875110865, 0.006923849694430828, 4.8721513748168945, 0.002960705431178212, 0.20676816999912262, 1.6239185333251953, 0.15629921853542328, 0.13168127834796906, 0.0014615101972594857, 0.946060836315155, 1.3235011100769043, 0.33733269572257996, 0.07138511538505554, 0.012269143015146255, 0.5611165165901184, 0.0195296760648489, 0.05036085844039917, 2.862107992172241, 0.2568170130252838, 0.405419260263443, 0.013248508796095848, 0.07567853480577469, 1.5775431394577026, 0.021073250100016594, 1.0924692153930664, 3.153722047805786, 0.26447758078575134, 0.4805082082748413, 0.0008760428754612803, 1.980919361114502, 0.003616105066612363, 0.053285542875528336, 0.18467360734939575, 0.025425951927900314, 0.006020979955792427, 2.8134381771087646, 0.8983007073402405, 0.27389752864837646, 0.16625745594501495, 0.05163109302520752, 0.16702479124069214, 2.478914737701416, 0.1710253357887268, 0.1433885246515274, 0.0028430302627384663, 0.027707001194357872, 0.030720794573426247, 0.6895014643669128, 0.35325148701667786, 0.00020001317898277193, 0.28361207246780396, 0.007563644088804722, 0.8395650386810303, 1.4556105136871338, 0.0025943215005099773, 0.0036264387890696526, 0.7837607264518738, 0.003931057173758745, 5.964389324188232, 0.09121816605329514, 3.9129085540771484, 0.00441255746409297, 0.022627148777246475, 0.3871137201786041, 0.04646943137049675, 0.026078294962644577, 0.04884960874915123, 0.0005677518784068525, 9.516016960144043, 0.5639273524284363, 5.758175373077393, 2.279977798461914, 0.31185397505760193, 0.09160580486059189, 0.05812275409698486, 0.03702424094080925, 0.15971830487251282, 0.015179004520177841, 0.00939649436622858, 0.015524257905781269, 0.28348782658576965, 0.6008062362670898, 0.09448298066854477, 3.5805532932281494, 1.7796375751495361, 2.4337244033813477, 0.03530547767877579, 0.0968753844499588, 0.8522220849990845, 0.015457705594599247, 0.004839492961764336, 0.05159113183617592, 0.3165770471096039, 2.9232466220855713, 0.9081193208694458, 1.3251737356185913)
l_1 : (1.0688457489013672, 0.10811728984117508, 1.1084316968917847, 0.0002627027570270002, 0.45079687237739563, 0.0005355831235647202, 0.0004903068183921278, 0.035788558423519135, 0.023419903591275215, 0.00194193993229419, 0.01649000495672226, 0.01211958285421133, 5.033239841461182, 0.11100310832262039, 2.209695339202881, 1.862321376800537, 0.0025075203739106655, 0.020686587318778038, 0.2343859225511551, 0.0008391196606680751, 0.0005335576133802533, 0.010553150437772274, 4.042341709136963, 0.6303035616874695, 0.09234486520290375, 0.001959072658792138, 0.008915971033275127, 0.16644823551177979, 0.2817903757095337, 0.001121845212765038, 0.011408214457333088, 0.04539860412478447, 0.0203067846596241, 0.1576964110136032, 0.0003323002893012017, 0.22010309994220734, 0.020042050629854202, 1.785660743713379, 0.04721713438630104, 0.006859326735138893, 0.014617493376135826, 0.16042008996009827, 0.004078879952430725, 0.013965033926069736, 0.07203056663274765, 2.3073670864105225, 0.0020998113323003054, 0.0006211258587427437, 0.029311761260032654, 0.10705246031284332, 0.009571022354066372, 0.512906551361084, 0.0016094601014629006, 1.2939716577529907, 0.05329243838787079, 0.19265945255756378, 1.8286656141281128, 0.03620138764381409, 1.5765854120254517, 0.0016337393317371607, 0.007148759439587593, 0.09910846501588821, 0.002185458317399025, 0.8055988550186157, 1.0442719459533691, 0.738807737827301, 0.0005345107638277113, 0.05079808458685875, 0.14152270555496216, 0.001111128251068294, 0.03548175469040871, 0.05457092449069023, 0.001816648175008595, 0.12793071568012238, 0.09013310819864273, 0.003318519564345479, 0.007493128068745136, 0.00442122109234333, 0.00868377648293972, 0.9593867659568787, 1.428900957107544, 0.36700311303138733, 0.044539060443639755, 0.16009236872196198, 2.2629897594451904, 0.023592468351125717, 0.0021365690045058727, 0.11681246757507324, 0.6622335314750671, 0.5112453103065491, 0.0010288427583873272, 0.4390457570552826, 0.13314281404018402, 0.000746448349673301, 0.005069853272289038, 0.32156047224998474, 0.012799609452486038, 0.004011086188256741, 5.7338023907504976e-05, 0.08046597242355347)

* * * * * * * * * * * * * * * * * * * * * * * * * * * * * * * * *

|D| : 1000, |D_0| : 999, |D_1| : 1000
N = N_0 = N_1 : 100
Epochs : 200, Batch size : 100
DP STD : 0.1
l_0 : (5.753476142883301, 0.3613046109676361, 4.784852504730225, 1.7698237895965576, 2.5537352561950684, 0.9993542432785034, 0.1360284835100174, 3.7837274074554443, 2.4116578102111816, 0.4923733174800873, 0.9107176065444946, 0.028008315712213516, 0.4745974540710449, 0.15934166312217712, 3.2349534034729004, 1.6828440427780151, 2.1016361713409424, 0.0263057891279459, 5.582962512969971, 2.08500599861145, 0.4199689030647278, 1.2510898113250732, 4.342911243438721, 3.869612693786621, 0.26335135102272034, 0.5284963250160217, 1.4988141059875488, 0.05602114647626877, 0.0076016210950911045, 2.0095160007476807, 1.26676344871521, 1.350719690322876, 0.5567939877510071, 3.044764518737793, 0.3759918212890625, 1.3134679794311523, 1.8315606117248535, 4.109913349151611, 0.35240107774734497, 0.12206117063760757, 2.410701036453247, 4.340934753417969, 0.5787596106529236, 1.6610515117645264, 5.619319915771484, 0.4273153841495514, 2.396444797515869, 0.09159024804830551, 0.4027182459831238, 0.07038242369890213, 0.12356968969106674, 0.05570414289832115, 2.9493515491485596, 0.6524258852005005, 0.3286355137825012, 0.5812202095985413, 4.926487445831299, 1.6602158546447754, 3.6004576683044434, 0.47912997007369995, 0.1505267322063446, 0.7289419770240784, 0.13043171167373657, 6.73817777633667, 1.1320514678955078, 0.6289829611778259, 0.4628397226333618, 0.5494664311408997, 3.4989802837371826, 0.011689028702676296, 8.295206069946289, 0.02406785450875759, 0.06866556406021118, 0.17767177522182465, 0.04250510782003403, 2.1320676803588867, 0.11143359541893005, 1.7006442546844482, 0.1849411576986313, 0.1463315337896347, 0.5567170977592468, 0.14043289422988892, 0.22786860167980194, 0.10273187607526779, 0.28932762145996094, 0.3647523522377014, 4.005431175231934, 0.02578871324658394, 1.5464410781860352, 0.2926315665245056, 0.01671336032450199, 0.2587360739707947, 2.159409761428833, 2.0324621200561523, 0.28662368655204773, 1.7587378025054932, 0.5511245727539062, 0.834334671497345, 0.6050533056259155, 0.0008042200352065265)
l_1 : (0.007894977927207947, 0.06287981569766998, 0.06524787843227386, 0.04370114579796791, 0.00019858295854646713, 2.991563081741333, 0.0997421070933342, 0.9904624819755554, 0.0019081495702266693, 0.002662567887455225, 1.0904896259307861, 0.003364143194630742, 4.230900764465332, 0.0228723231703043, 1.7473934888839722, 0.036352794617414474, 0.24725764989852905, 0.07758121937513351, 0.22232067584991455, 0.4125601053237915, 0.7847766280174255, 0.24965468049049377, 0.005939452908933163, 0.16268108785152435, 0.17453400790691376, 0.03825140371918678, 3.3302016258239746, 0.08120650053024292, 1.1433701515197754, 0.05405188724398613, 0.14510014653205872, 0.029124202206730843, 0.0641925111413002, 1.109889268875122, 0.009091882035136223, 2.36820650100708, 0.19292674958705902, 0.025835879147052765, 0.16434212028980255, 0.023874538019299507, 0.5181886553764343, 0.30608537793159485, 2.1523091793060303, 0.6618983149528503, 0.07932910323143005, 0.018517712131142616, 0.0015717307105660439, 0.029385384172201157, 0.10595583915710449, 0.020575184375047684, 0.4713359773159027, 0.020961306989192963, 0.08387301862239838, 0.02367047220468521, 0.009992810897529125, 0.15806105732917786, 0.029561089351773262, 0.30616772174835205, 0.6472166180610657, 1.2063864469528198, 0.9067803621292114, 0.1703055202960968, 0.011898262426257133, 0.005771401338279247, 1.0091429948806763, 0.41649922728538513, 0.43456244468688965, 0.026629578322172165, 0.03658658266067505, 2.711022138595581, 0.011167404241859913, 0.00020454221521504223, 0.020401515066623688, 3.6412699222564697, 0.8946330547332764, 0.0064300550147891045, 0.00011205045302631333, 0.7489009499549866, 0.025281716138124466, 1.6697933673858643, 6.259842872619629, 0.0011639971053227782, 0.6782256364822388, 0.1201300248503685, 1.0440353155136108, 0.05504839867353439, 1.8574354648590088, 0.0008625839254818857, 0.17188900709152222, 0.4605732262134552, 0.02049226500093937, 5.793373107910156, 0.001865434111095965, 0.01656317338347435, 0.0036018516402691603, 0.00569945527240634, 1.8181294202804565, 0.2674192786216736, 0.11760468035936356, 0.1513584852218628)

* * * * * * * * * * * * * * * * * * * * * * * * * * * * * * * * *

|D| : 1000, |D_0| : 999, |D_1| : 1000
N = N_0 = N_1 : 100
Epochs : 200, Batch size : 100
DP STD : 0.1
l_0 : (3.933898824470816e-06, 0.004202938638627529, 0.007533947471529245, 0.151373952627182, 0.005419562105089426, 0.00044860312482342124, 0.001430798671208322, 0.035225268453359604, 2.7656173188006505e-05, 0.0009065332706086338, 0.002162500750273466, 0.00029940891545265913, 0.000105375460407231, 2.8729025871143676e-05, 6.711257447022945e-05, 0.00013076403411105275, 0.023856844753026962, 1.6927575416048057e-05, 9.179073458653875e-06, 5.602820692729438e-06, 1.764281842042692e-05, 0.008306952193379402, 0.0001867835089797154, 0.0025609098374843597, 0.002692171838134527, 0.0009843033039942384, 4.172238186583854e-05, 0.00013815402053296566, 0.0027018017135560513, 0.0017893984913825989, 0.00014280252798926085, 0.00042763148667290807, 1.0251946150674485e-05, 0.000164018536452204, 1.0967194612021558e-05, 6.8662193370983e-05, 0.0015338810626417398, 0.009980064816772938, 0.00034624303225427866, 0.0002153879904653877, 3.576272320060525e-06, 0.0003592322755139321, 0.0016820580931380391, 1.0132738680113107e-05, 0.0003830652858596295, 0.0001879753835964948, 0.0016243371646851301, 0.053491901606321335, 0.010025030933320522, 0.0009978797752410173, 1.4424220353248529e-05, 0.0002985746832564473, 0.00021669900161214173, 6.139089964563027e-05, 0.0008466235012747347, 8.940297266235575e-05, 0.004174210596829653, 0.0013079430209472775, 0.0001102625101339072, 0.00022968991834204644, 0.0038329721428453922, 0.00023707917716819793, 0.000582644424866885, 0.0005639393348246813, 0.0011753087164834142, 0.0007711059297434986, 0.0035713245160877705, 0.0008269704412668943, 8.34430247778073e-05, 0.0024547225330024958, 8.344646857949556e-07, 1.311301275563892e-06, 2.0265558760002023e-06, 0.0024375985376536846, 0.0001554368354845792, 8.380061626667157e-05, 0.12091877311468124, 0.003913483582437038, 2.0146166207268834e-05, 1.847726889536716e-05, 1.2397689715726301e-05, 0.00023684080224484205, 0.0017128810286521912, 5.781483559985645e-05, 7.974783511599526e-05, 0.0031266158912330866, 0.00011062010162277147, 3.182837463100441e-05, 0.006649154704064131, 0.0008817598572932184, 0.001374253653921187, 0.0010442048078402877, 2.884823152271565e-05, 6.318072337307967e-06, 0.00013183678674977273, 0.00039736481267027557, 0.0005365362740121782, 0.0015672078588977456, 0.0001867835089797154, 6.735097849741578e-05)
l_1 : (0.002721774624660611, 4.9232225137529895e-05, 0.0001289761275984347, 3.099436753473128e-06, 0.00016640232934150845, 5.6503606174374e-05, 6.186770770000294e-05, 0.018857019022107124, 0.0037082734052091837, 0.00025328766787424684, 3.2305197237292305e-05, 0.0009370227344334126, 0.0035387768875807524, 8.463501580990851e-05, 0.0007195267826318741, 0.00018308870494365692, 0.0012119814055040479, 0.0004371640970930457, 0.0005048430757597089, 0.0008257793379016221, 0.3010925054550171, 6.48477507638745e-05, 0.0009364272118546069, 5.352353764465079e-05, 4.887569048150908e-06, 4.100715523236431e-05, 0.014211754314601421, 0.0021497728303074837, 0.014023340307176113, 0.0007497837068513036, 0.00037996700848452747, 0.0002954761730507016, 0.0004786299541592598, 0.003430792596191168, 8.940656698541716e-06, 0.000697846058756113, 0.18781207501888275, 0.0025769618805497885, 0.000259365770034492, 0.0005221195751801133, 0.00117649941239506, 0.00018320789968129247, 0.005668754689395428, 9.417489309271332e-06, 5.07818695041351e-05, 0.00021598390594590455, 5.030505417380482e-05, 0.0002946419408544898, 0.0009519098093733191, 0.00027259447961114347, 0.0004314445541240275, 0.00017474555352237076, 0.002402041107416153, 0.0005809764843434095, 9.893881360767409e-05, 3.290122185717337e-05, 0.041820868849754333, 5.066266385256313e-05, 4.482168878894299e-05, 0.02513653039932251, 6.615896563744172e-05, 0.0001618731184862554, 2.7418097943154862e-06, 0.0008597253472544253, 0.030340388417243958, 0.00046206763363443315, 0.01670081540942192, 0.0013991338200867176, 5.8412379075889476e-06, 1.156323378381785e-05, 0.0008574623498134315, 0.0018020119750872254, 0.0024085817858576775, 0.0002037079248111695, 0.7872675657272339, 2.8371408916427754e-05, 0.00018535325943958014, 0.0001429217227268964, 0.0006435230607166886, 0.0015420938143506646, 0.012778189033269882, 0.008209295570850372, 0.0003526780928950757, 0.0, 0.1805582344532013, 9.536697689327411e-06, 0.000341476290486753, 0.0001389883691444993, 0.005702299997210503, 0.019394058734178543, 0.000301673193462193, 2.6225699912174605e-05, 0.046462491154670715, 0.0003000047872774303, 4.0411134250462055e-05, 5.364403477869928e-06, 0.0007259594276547432, 3.814689989667386e-06, 0.00010632903286023065, 0.00042632073746062815)

* * * * * * * * * * * * * * * * * * * * * * * * * * * * * * * * *

|D| : 1000, |D_0| : 999, |D_1| : 1000
N = N_0 = N_1 : 100
Epochs : 200, Batch size : 100
DP STD : 0.1
l_0 : (0.00012039413559250534, 0.030485745519399643, 0.04717870056629181, 0.09948690235614777, 5.800716400146484, 0.015805913135409355, 1.811964830267243e-05, 0.05394820496439934, 0.003299746662378311, 0.4094908833503723, 0.005806957371532917, 2.1547727584838867, 0.05943698436021805, 0.01905774138867855, 0.00013171759201213717, 0.131938636302948, 1.7352362871170044, 0.0004337085410952568, 0.0003053675754927099, 0.032841820269823074, 1.598433017730713, 0.00010656742961145937, 0.6080490350723267, 0.014239960350096226, 0.15994131565093994, 0.7430087924003601, 4.957488059997559, 8.702239938429557e-06, 1.731858253479004, 0.03910914063453674, 0.05632396414875984, 3.6000557884108275e-05, 0.00045074793160893023, 0.9952031373977661, 2.29886531829834, 1.4280152320861816, 0.011526064947247505, 3.123234637314454e-05, 0.025656847283244133, 0.0032075406052172184, 0.0030957176350057125, 0.009341460652649403, 1.2334294319152832, 0.0004459816846065223, 0.006618128623813391, 0.013910604640841484, 0.0004549183649942279, 0.310345321893692, 0.004331729840487242, 0.4670664072036743, 0.09399879723787308, 0.010518469847738743, 0.08245563507080078, 0.00848663505166769, 0.21570341289043427, 0.002484808210283518, 0.17099539935588837, 3.71926071238704e-05, 0.011389946565032005, 0.033873509615659714, 0.0004781533498317003, 0.23197929561138153, 7.463404178619385, 1.5139465176616795e-05, 2.5142617225646973, 1.0847986231965479e-05, 0.08623339235782623, 0.005384703632444143, 0.08489721268415451, 0.06270202994346619, 0.004423595033586025, 0.32302334904670715, 0.6434202194213867, 0.07278379797935486, 0.02399674616754055, 0.0022961937356740236, 8.270157814025879, 3.3970155715942383, 0.0001842805795604363, 2.2053474822314456e-05, 2.265808343887329, 0.1602819859981537, 0.03469712659716606, 0.7975122332572937, 0.16362911462783813, 0.0003147821989841759, 0.00015114595589693636, 8.940656698541716e-06, 0.0004048719711136073, 0.0005266471416689456, 0.0016926499083638191, 0.00017105070583056659, 0.0074358596466481686, 0.004326626192778349, 2.658331868587993e-05, 0.16267237067222595, 0.4879342317581177, 0.00020251607929822057, 0.21418756246566772, 0.00019441144831944257)
l_1 : (1.1721175909042358, 9.07141511561349e-05, 0.06205366179347038, 0.09790235012769699, 0.30399957299232483, 0.02420644648373127, 2.7418097943154862e-06, 0.0029270683880895376, 0.011577678844332695, 0.12311477959156036, 6.4490144723095e-05, 0.00019262365822214633, 0.006887504365295172, 0.013460591435432434, 0.001016457681544125, 0.010287473909556866, 0.3747220039367676, 2.770624876022339, 8.34430247778073e-05, 0.03938090801239014, 0.0010412277188152075, 0.4509944021701813, 4.219041347503662, 0.48025956749916077, 2.0919010639190674, 0.038427505642175674, 0.0959458202123642, 0.0005021026590839028, 1.4383299350738525, 0.02675725519657135, 8.21318244561553e-05, 6.411988735198975, 5.018585216021165e-05, 2.913947582244873, 0.007695670239627361, 0.01271345466375351, 8.594620157964528e-05, 0.04247380420565605, 0.010900122113525867, 0.004398315213620663, 0.00038699767901562154, 0.36396193504333496, 0.04562128707766533, 0.020160172134637833, 0.005840853322297335, 0.019680237397551537, 0.0001668790791882202, 0.049516577273607254, 0.34611591696739197, 0.031360335648059845, 0.16194336116313934, 0.0230565145611763, 0.0025982451625168324, 7.518096446990967, 0.007589316926896572, 0.04442298784852028, 0.0004245333548169583, 0.5758481025695801, 0.00028772983932867646, 3.421248038648628e-05, 0.0146311204880476, 1.2817994356155396, 0.0006105228094384074, 0.0024131007958203554, 0.01368850376456976, 0.008783278055489063, 1.1010640859603882, 8.248942322097719e-05, 5.3165931603871286e-05, 0.08487772196531296, 5.1616290875244886e-05, 0.13664716482162476, 0.009297643788158894, 0.10209409892559052, 1.150954246520996, 0.0483822263777256, 0.0013490156270563602, 0.0036580332089215517, 0.0001951265730895102, 0.0002321927313460037, 4.2914423829643056e-05, 0.00438074953854084, 0.13656428456306458, 0.0015075758565217257, 0.01692470908164978, 0.0007681279676035047, 0.03463713452219963, 1.0251946150674485e-05, 0.0003736513026524335, 0.08529125154018402, 9.202533692587167e-05, 0.00029869386344216764, 0.004371729213744402, 7.390948667307384e-06, 0.05975056067109108, 0.0005339150666259229, 0.5368131995201111, 4.807498931884766, 0.0038250156212598085, 0.03546162322163582)

* * * * * * * * * * * * * * * * * * * * * * * * * * * * * * * * *

|D| : 1000, |D_0| : 999, |D_1| : 1000
N = N_0 = N_1 : 100
Epochs : 200, Batch size : 100
DP STD : 0.1
l_0 : (2.3483953555114567e-05, 6.198863957251888e-06, 0.0005715643637813628, 4.768370445162873e-07, 0.0018347349250689149, 0.00577448308467865, 8.344646857949556e-07, 0.01837318018078804, 0.0005806190893054008, 7.4741430580616e-05, 0.03176287189126015, 9.190614218823612e-05, 1.1920928244535389e-07, 0.07936026901006699, 0.004792156629264355, 0.11435166001319885, 0.001807366730645299, 2.253030106658116e-05, 1.4305104514278355e-06, 0.0001248043408850208, 0.008583792485296726, 9.536738616588991e-07, 1.7404405298293568e-05, 5.113947918289341e-05, 1.7523612768854946e-05, 0.0013685394078493118, 0.020142298191785812, 8.344646857949556e-07, 0.034361425787210464, 4.792098479811102e-05, 0.0001618731184862554, 4.410734163684538e-06, 1.2397689715726301e-05, 2.7418097943154862e-06, 0.0002791491860989481, 0.00017915551143232733, 1.1920928244535389e-07, 0.012628351338207722, 0.0200020894408226, 1.0854434967041016, 1.1920928244535389e-07, 0.13921278715133667, 3.814689989667386e-06, 0.008015726692974567, 0.00020859450160060078, 9.63164638960734e-05, 0.05692313238978386, 0.000169382052263245, 0.001392705482430756, 3.576278118089249e-07, 1.1920928244535389e-07, 0.0018534163245931268, 0.12612321972846985, 0.0032661210279911757, 1.4882735013961792, 1.1920928244535389e-07, 1.9907753085135482e-05, 5.960462772236497e-07, 0.011075213551521301, 0.006121339276432991, 0.0, 1.3947389561508317e-05, 0.00011157367407577112, 4.768370445162873e-07, 0.0003082277253270149, 0.00020919041708111763, 1.0132738680113107e-05, 0.00015186110977083445, 0.015184053219854832, 2.3841855067985307e-07, 8.487341256113723e-05, 7.152531907195225e-06, 3.6238969187252223e-05, 0.0077402666211128235, 5.960462772236497e-07, 0.000102037942269817, 0.03849874064326286, 6.198863957251888e-06, 0.02487400360405445, 0.0003849719068966806, 2.3483953555114567e-05, 0.003009792184457183, 9.775113539944869e-06, 0.0, 8.344646857949556e-07, 0.00010334911348763853, 0.0011095802765339613, 4.255681051290594e-05, 0.008192978799343109, 2.1576648578047752e-05, 6.556489552167477e-06, 0.00019464982324279845, 4.768370445162873e-07, 0.0008149401983246207, 0.2850855886936188, 7.56950321374461e-05, 0.057552553713321686, 0.0020308124367147684, 0.006471628323197365, 0.269218772649765)
l_1 : (3.5523738915799186e-05, 0.002567092888057232, 0.0005012686015106738, 0.00722486199811101, 0.0, 0.0064141834154725075, 1.7881377516459906e-06, 0.0, 0.002582074608653784, 0.00038044367101974785, 0.07125712931156158, 0.006964692380279303, 0.00022456508304458112, 5.245195097813848e-06, 0.0713454857468605, 0.04910580441355705, 0.0059740557335317135, 0.0011955503141507506, 0.0001658063702052459, 0.003699365770444274, 0.009740562178194523, 0.007109936326742172, 7.998623186722398e-05, 0.027107931673526764, 0.002471251878887415, 0.009315595962107182, 0.0010420613689348102, 0.0002779574424494058, 0.0007552632014267147, 0.002140494529157877, 8.344646857949556e-07, 1.1920928244535389e-07, 0.0016518294578418136, 2.0265558760002023e-06, 1.585470999998506e-05, 5.125868119648658e-05, 2.45695161819458, 9.023735765367746e-05, 0.15177491307258606, 0.01318639237433672, 3.576278118089249e-07, 4.768370445162873e-07, 1.1920922133867862e-06, 0.00027736154152080417, 0.15602387487888336, 0.004097163211554289, 0.004447331186383963, 0.0015120989410206676, 6.723177648382261e-05, 9.059495641849935e-05, 7.390948667307384e-06, 0.011131919920444489, 0.2636966407299042, 0.01328356470912695, 0.0004953111056238413, 0.0003083468764089048, 0.0008001701789908111, 0.0, 0.0011142243165522814, 0.0011600677389651537, 1.9073468138230965e-06, 0.025794290006160736, 3.099436753473128e-06, 0.0003500564198475331, 0.0007670559571124613, 0.00014172980445437133, 0.0, 2.3841855067985307e-07, 8.106198947643861e-06, 2.658331868587993e-05, 0.0044425842352211475, 0.0010929093696177006, 1.2397689715726301e-05, 0.0023906242568045855, 2.312633478140924e-05, 0.001073380233719945, 9.894321920000948e-06, 1.1324817933200393e-05, 0.0011960265692323446, 0.0004898302140645683, 0.003576907329261303, 8.821448318485636e-06, 0.0, 0.00014006110723130405, 0.13720165193080902, 4.23184028477408e-05, 0.02681458741426468, 7.510157047363464e-06, 0.0009414292871952057, 0.00012885693286079913, 1.1920928244535389e-07, 0.0, 8.344646857949556e-07, 0.010930662043392658, 0.05387275293469429, 4.207999518257566e-05, 0.00040892345714382827, 0.0037738310638815165, 9.536697689327411e-06, 9.536738616588991e-07)

* * * * * * * * * * * * * * * * * * * * * * * * * * * * * * * * *

|D| : 1000, |D_0| : 999, |D_1| : 1000
N = N_0 = N_1 : 100
Epochs : 200, Batch size : 100
DP STD : 0.1
l_0 : (0.6075283885002136, 0.478122353553772, 6.477940082550049, 0.03045441024005413, 0.0026645890902727842, 0.001689317636191845, 0.06605890393257141, 0.00019071667338721454, 0.0911659300327301, 0.004550933837890625, 0.1351262927055359, 1.2034478187561035, 0.7236950993537903, 0.004477475769817829, 0.38513484597206116, 0.8831872940063477, 0.02142265997827053, 2.412743330001831, 0.10714039206504822, 0.004755734000355005, 0.00642496207728982, 0.21225541830062866, 1.9805908203125, 0.30007123947143555, 0.09061775356531143, 0.43511953949928284, 0.0009869233472272754, 0.16203339397907257, 0.029622890055179596, 0.3091271221637726, 0.2089441865682602, 0.2862745523452759, 1.4163025617599487, 3.3149096965789795, 2.020904779434204, 0.10055075585842133, 0.7963311672210693, 0.0003816353273577988, 0.045435741543769836, 0.5983548164367676, 0.006302007474005222, 0.02075781300663948, 0.17633700370788574, 0.14200282096862793, 0.14931334555149078, 0.28977999091148376, 0.6341606378555298, 0.05924050137400627, 0.018197020515799522, 0.05450138822197914, 0.8537780046463013, 0.001567802974022925, 5.095834732055664, 0.5410313606262207, 0.18479709327220917, 0.014408005401492119, 0.749076247215271, 0.0003693613689392805, 0.08471519500017166, 0.00016830935783218592, 0.7557315230369568, 1.4425010681152344, 0.004065938759595156, 0.4078362286090851, 0.3894679844379425, 1.6569954823353328e-05, 0.0019307559123262763, 0.00968672800809145, 0.23542524874210358, 0.6847793459892273, 1.1351127624511719, 0.06703672558069229, 0.07715190947055817, 0.0043335105292499065, 0.025729810819029808, 0.016027895733714104, 0.03277329355478287, 0.21287718415260315, 4.0483293533325195, 0.538733959197998, 0.06267616897821426, 0.046369172632694244, 0.025560753419995308, 0.040920257568359375, 0.3796018362045288, 0.42151886224746704, 0.3697759807109833, 0.24766086041927338, 3.238304376602173, 0.04127401113510132, 1.5226479768753052, 0.0060310522094368935, 0.3277127742767334, 0.012988136149942875, 0.0005696581210941076, 2.094569206237793, 0.26671677827835083, 0.016969598829746246, 0.004453265108168125, 0.38838422298431396)
l_1 : (0.001426989445462823, 0.033156003803014755, 0.0017926113214343786, 0.0057183015160262585, 0.14589881896972656, 8.701899787411094e-05, 0.5408509373664856, 0.003103442257270217, 0.02586190029978752, 0.018799345940351486, 0.21091228723526, 0.46833905577659607, 1.1311311721801758, 0.0001225396408699453, 0.002645209664478898, 0.021731119602918625, 0.8327054977416992, 0.04967641457915306, 0.014763391576707363, 0.0013937769690528512, 0.99071204662323, 0.08364049345254898, 0.0024727978743612766, 0.013312149792909622, 0.000545472139492631, 0.04867113009095192, 0.004789784085005522, 0.05740061029791832, 0.0003299168893136084, 0.010956366546452045, 3.6047935485839844, 0.002577318577095866, 0.44971132278442383, 0.3910060524940491, 1.4279738664627075, 2.2071845531463623, 0.00054058717796579, 1.1147929430007935, 0.7050995826721191, 0.08494298160076141, 2.6718006134033203, 0.01856370083987713, 0.002326997695490718, 2.2580671310424805, 0.0025480680633336306, 0.5610840916633606, 0.0008635367848910391, 0.00018308870494365692, 0.013083327561616898, 0.02056444063782692, 0.007067087572067976, 0.029855595901608467, 0.19579818844795227, 0.11770801246166229, 0.018583593890070915, 0.015309441834688187, 0.0048265615478158, 0.007832292467355728, 0.08284075558185577, 0.47002866864204407, 0.025416074320673943, 0.0007410878897644579, 0.1380269080400467, 0.8828343749046326, 0.0027787189465016127, 0.00019071667338721454, 0.000482442817883566, 0.001462224405258894, 0.03641015291213989, 0.0011466125724837184, 0.1695646494626999, 0.006602378096431494, 6.544376083184034e-05, 0.014555579051375389, 0.004104048945009708, 0.5194675922393799, 0.016853678971529007, 0.015146950259804726, 0.0041597275994718075, 0.0010302718728780746, 0.004465489182621241, 0.3236551284790039, 0.004786225035786629, 0.010197443887591362, 0.000474936212413013, 0.005906982813030481, 4.441059112548828, 0.003020013216882944, 0.007554888725280762, 0.0490025170147419, 0.008076745085418224, 0.0011035073548555374, 0.029399970546364784, 0.0003471963864285499, 3.671578815556131e-05, 0.015814948827028275, 0.0037595797330141068, 0.014391319826245308, 0.3504558503627777, 0.01235380582511425)

* * * * * * * * * * * * * * * * * * * * * * * * * * * * * * * * *

|D| : 1000, |D_0| : 999, |D_1| : 1000
N = N_0 = N_1 : 100
Epochs : 200, Batch size : 100
DP STD : 0.1
l_0 : (0.0019264726433902979, 0.005585302598774433, 0.00154971145093441, 1.7601146697998047, 0.42523670196533203, 0.20650582015514374, 0.27688390016555786, 0.020455241203308105, 3.3378044463461265e-05, 0.0034285355359315872, 0.0014944825088605285, 0.0050974879413843155, 0.6569795608520508, 0.4795531928539276, 0.7243372201919556, 0.09575951844453812, 3.6829516887664795, 0.011682194657623768, 0.07651383429765701, 2.841193437576294, 1.0848197937011719, 0.2966513931751251, 0.2307755947113037, 0.005408891476690769, 0.01160124596208334, 4.087411880493164, 1.5663307905197144, 0.001762266969308257, 2.5624988079071045, 0.19281871616840363, 3.4079318046569824, 0.11554288864135742, 0.2677082121372223, 0.6708912253379822, 0.115999236702919, 0.06366658955812454, 0.007039625197649002, 0.09679823368787766, 0.038442760705947876, 0.8017612099647522, 0.15273241698741913, 0.01216998789459467, 1.7559266090393066, 1.9825737476348877, 0.17162887752056122, 0.08851379156112671, 1.0722923278808594, 0.013227803632616997, 3.9130780696868896, 2.723883867263794, 0.07894493639469147, 0.0017435838235542178, 0.3156152069568634, 0.13914485275745392, 0.2259495109319687, 0.09230932593345642, 0.8130749464035034, 0.010152248665690422, 5.23714542388916, 0.29104065895080566, 0.5313157439231873, 0.05029885098338127, 5.175282001495361, 0.7694367170333862, 2.04284930229187, 0.022305790334939957, 0.11488241702318192, 0.8100799322128296, 0.07883565127849579, 0.7589855790138245, 0.04960710555315018, 0.8103516697883606, 0.8236270546913147, 1.0954160690307617, 0.3259408473968506, 1.235008955001831, 0.010651993565261364, 0.0040903957560658455, 0.010295732878148556, 0.006967888679355383, 0.19545841217041016, 0.48768195509910583, 8.333148956298828, 1.5124623775482178, 0.09686370193958282, 3.5706048011779785, 2.325739860534668, 3.891503095626831, 0.0013867533998563886, 0.00259515387006104, 0.13891154527664185, 0.012455650605261326, 0.002713095862418413, 0.10642440617084503, 0.1493566632270813, 1.1340150833129883, 0.5451315641403198, 4.994138717651367, 0.8767786026000977, 0.00027938754647038877)
l_1 : (0.08972975611686707, 0.018451359122991562, 0.0019957164768129587, 1.025400996208191, 0.04663487896323204, 0.004679561592638493, 0.0062838830053806305, 0.08457016944885254, 2.4132590293884277, 2.2269375324249268, 0.10316367447376251, 0.00035148640745319426, 0.009360120631754398, 0.013598427176475525, 0.21544915437698364, 0.01411149837076664, 0.000569300667848438, 0.09449371695518494, 0.41470685601234436, 2.4676019165781327e-05, 0.7904479503631592, 0.1309758573770523, 0.11008808016777039, 0.00046171018038876355, 0.1070074811577797, 0.07882662117481232, 0.028838513419032097, 0.18719767034053802, 0.19827626645565033, 0.3597337007522583, 0.0030806248541921377, 0.12241984158754349, 0.15724627673625946, 0.030614087358117104, 0.00799183826893568, 0.4956882894039154, 0.05843213573098183, 0.015760384500026703, 0.09470845013856888, 0.162173792719841, 0.36065053939819336, 0.002017606981098652, 1.8489329814910889, 0.04116659238934517, 0.0017701209289953113, 0.020223375409841537, 0.0036347531713545322, 0.681382954120636, 0.021683061495423317, 0.7559205889701843, 0.43310102820396423, 3.8945226669311523, 0.07808841019868851, 0.34207212924957275, 0.4757806360721588, 0.07810362428426743, 0.0023425775580108166, 1.1207959651947021, 1.7872611284255981, 0.10190796852111816, 0.04546968638896942, 1.2068754434585571, 0.08794854581356049, 0.002058769576251507, 0.005383280571550131, 0.041275154799222946, 1.767560601234436, 0.15355496108531952, 0.004129573702812195, 0.0007077334448695183, 0.013355320319533348, 0.8620321154594421, 0.06180322915315628, 0.941319465637207, 0.04750478267669678, 2.8190441131591797, 4.543066024780273, 0.014437145553529263, 0.07355605810880661, 0.17271561920642853, 0.816481351852417, 0.028876038268208504, 0.06525089591741562, 0.00686856172978878, 0.031828463077545166, 2.2853782176971436, 1.3496358394622803, 1.149182915687561, 0.031996581703424454, 0.04667617753148079, 0.3207176923751831, 0.1295614242553711, 0.015240409411489964, 0.03237243369221687, 0.006778105162084103, 0.0015592334093526006, 0.1852365881204605, 0.04142659530043602, 0.0059540290385484695, 0.04747477173805237)

* * * * * * * * * * * * * * * * * * * * * * * * * * * * * * * * *

|D| : 1000, |D_0| : 999, |D_1| : 1000
N = N_0 = N_1 : 100
Epochs : 200, Batch size : 100
DP STD : 0.1
l_0 : (0.013788566924631596, 0.010607291013002396, 0.02968098595738411, 6.353653589030728e-05, 0.0066964030265808105, 0.10428355634212494, 0.0008897398365661502, 0.14601954817771912, 0.8496578931808472, 0.015236535109579563, 0.013824074529111385, 0.0013237770181149244, 0.0014071096666157246, 0.07728102058172226, 0.007880903780460358, 0.005727902054786682, 0.004749564453959465, 0.007021632511168718, 0.02964036539196968, 8.976056415122002e-05, 0.6762375235557556, 0.007915912196040154, 0.018354102969169617, 0.24957889318466187, 0.007348294835537672, 0.0021590511314570904, 0.07515762746334076, 3.226747989654541, 0.038586489856243134, 0.007092299871146679, 0.0013587776338681579, 0.16315054893493652, 0.013159332796931267, 0.0004932855372317135, 0.006761528551578522, 0.0006191005813889205, 0.000998951611109078, 0.059987589716911316, 0.07523105293512344, 0.022853447124361992, 0.28247472643852234, 0.0198920127004385, 0.001207933179102838, 0.010030342265963554, 0.0006357794045470655, 0.06423241645097733, 0.7165535688400269, 0.10459423065185547, 0.08518331497907639, 0.039647333323955536, 0.011680309660732746, 0.00051115796668455, 0.02009626477956772, 0.14296868443489075, 0.0011177966371178627, 0.1781354546546936, 1.2226178646087646, 0.0017535799415782094, 0.004227392375469208, 0.0023117740638554096, 0.03710970655083656, 0.030436024069786072, 0.0004378790326882154, 0.005385889206081629, 0.009565472602844238, 0.12955011427402496, 0.25212445855140686, 0.004903197288513184, 0.0046895286068320274, 0.7641781568527222, 0.024739457294344902, 0.005595853086560965, 0.1250898241996765, 0.01457496453076601, 0.23190376162528992, 0.001900891656987369, 0.04404570534825325, 0.06504348665475845, 0.008725728839635849, 0.0017535799415782094, 0.0713132992386818, 0.0002420847595203668, 0.04501792788505554, 0.22092370688915253, 0.803213894367218, 0.0024371228646486998, 0.025370631366968155, 0.0036024453584104776, 0.08694201707839966, 0.01452421024441719, 2.5689549446105957, 3.0836024284362793, 0.029130686074495316, 0.016852037981152534, 0.0016568278660997748, 0.03760431334376335, 0.06481949239969254, 0.0022004456259310246, 0.0044061485677957535, 0.0388382151722908)
l_1 : (0.0006281548412516713, 0.07377909868955612, 0.12155648320913315, 0.37358105182647705, 0.0014122284483164549, 0.013126978650689125, 0.023008517920970917, 0.5076795220375061, 1.42402982711792, 0.015238765627145767, 0.023277942091226578, 0.0027593416161835194, 0.9019395112991333, 0.07170373201370239, 0.057646747678518295, 0.011785403825342655, 0.43360114097595215, 0.04159436374902725, 0.08435117453336716, 1.727372169494629, 1.1019363403320312, 0.004173735622316599, 2.212221384048462, 0.007854055613279343, 0.0002047805901383981, 0.42718422412872314, 0.0006300609675236046, 0.0007898071780800819, 0.003443385474383831, 0.05131949111819267, 0.005662709474563599, 0.02057156339287758, 0.010387641377747059, 0.033690840005874634, 0.004287812393158674, 0.2630768418312073, 0.002848022850230336, 0.003240336664021015, 0.0029471556190401316, 0.04067717865109444, 0.22940443456172943, 0.04376356303691864, 0.0026326067745685577, 0.0017171651124954224, 0.02605750598013401, 0.21170853078365326, 0.19606003165245056, 0.023435508832335472, 0.21348005533218384, 0.005568468943238258, 0.00010334911348763853, 0.8909849524497986, 0.1343981772661209, 0.0013316344702616334, 0.007061287295073271, 0.002212697174400091, 0.2270302176475525, 0.19968001544475555, 0.0001419681793777272, 0.03177730739116669, 0.0006046851049177349, 0.02785819210112095, 0.05243366211652756, 0.00011205045302631333, 0.0037481787148863077, 0.03235200420022011, 0.04026149585843086, 0.01022953912615776, 0.00970880500972271, 0.003800076898187399, 0.08299634605646133, 0.0007706294418312609, 0.08206157386302948, 1.8184810876846313, 0.09345152229070663, 0.20290622115135193, 0.005135440267622471, 0.054819561541080475, 0.00816507451236248, 0.0007379907765425742, 0.03603328764438629, 0.0005690624238923192, 0.06045833230018616, 0.00593092106282711, 0.2953471839427948, 0.013461179099977016, 0.304312139749527, 0.2643127739429474, 0.0011273226700723171, 0.0007864719373174012, 0.004031032789498568, 0.016513926908373833, 0.71047443151474, 0.023421650752425194, 0.2496272772550583, 0.0966944545507431, 0.027472520247101784, 0.004603502340614796, 0.005793209187686443, 0.015919608995318413)

* * * * * * * * * * * * * * * * * * * * * * * * * * * * * * * * *

|D| : 1000, |D_0| : 999, |D_1| : 1000
N = N_0 = N_1 : 100
Epochs : 200, Batch size : 100
DP STD : 0.1
l_0 : (3.6859986782073975, 1.804377555847168, 3.4721765518188477, 1.2536351680755615, 0.3181968927383423, 5.863821506500244, 2.566432237625122, 2.086573600769043, 1.0738487243652344, 1.2964634895324707, 4.17642879486084, 2.1288352012634277, 2.2058286666870117, 3.467998743057251, 0.5690556764602661, 1.0772340297698975, 5.318343162536621, 6.474772930145264, 3.6729836463928223, 0.23476457595825195, 2.1561365127563477, 5.545849323272705, 1.9739609956741333, 5.328729629516602, 1.5943560600280762, 0.6199426651000977, 0.7373887300491333, 1.587012767791748, 7.9637980461120605, 0.2910305857658386, 7.4587931632995605, 4.675039291381836, 0.7566560506820679, 1.5254912376403809, 2.72760272026062, 2.0667736530303955, 5.291282653808594, 2.1472368240356445, 2.2893364429473877, 3.8305599689483643, 1.05940580368042, 6.015083312988281, 3.8248536586761475, 2.8583877086639404, 4.167125701904297, 1.9775874614715576, 5.101983070373535, 1.0531154870986938, 4.4962382316589355, 6.167104721069336, 4.9444966316223145, 2.1431729793548584, 5.543152809143066, 3.6942360401153564, 5.360026836395264, 0.6258422136306763, 1.885890007019043, 0.9979012608528137, 0.17807450890541077, 3.7564263343811035, 3.1355087757110596, 0.14576455950737, 4.083763599395752, 2.179410457611084, 2.2008275985717773, 2.9473023414611816, 1.96921706199646, 3.5635926723480225, 1.5050817728042603, 1.2934106588363647, 0.4179679751396179, 1.8972647190093994, 0.6949762105941772, 4.700991153717041, 5.825577735900879, 1.6393256187438965, 2.4713308811187744, 1.8759504556655884, 4.4849324226379395, 2.1943628787994385, 1.177857756614685, 3.3006415367126465, 2.7648253440856934, 2.8556582927703857, 2.0182456970214844, 0.39956820011138916, 2.7614829540252686, 2.8154842853546143, 2.1457409858703613, 5.916266918182373, 1.576196551322937, 1.441157579421997, 4.843057632446289, 5.3267388343811035, 5.033224582672119, 0.12848953902721405, 4.063898086547852, 2.457962989807129, 3.745422601699829, 3.6638989448547363)
l_1 : (0.22535286843776703, 1.4001972675323486, 0.24983733892440796, 0.5494136214256287, 1.1937347650527954, 0.6756669282913208, 0.9528860449790955, 1.9374055862426758, 1.8982936143875122, 0.08828005194664001, 0.7357794642448425, 0.10305334627628326, 0.7181743383407593, 0.01847687177360058, 1.663799524307251, 0.469065397977829, 9.736668586730957, 2.3787434101104736, 0.5208384394645691, 0.13616393506526947, 0.8155092000961304, 0.01421763002872467, 1.4197797775268555, 0.6641412973403931, 0.17514733970165253, 0.20492428541183472, 0.250751256942749, 0.002796788467094302, 0.2360527217388153, 0.612644612789154, 0.011374742724001408, 1.1319067478179932, 0.1504363864660263, 2.1861205101013184, 1.4996718168258667, 0.6937032341957092, 3.6507863998413086, 0.3123704195022583, 0.022249363362789154, 0.09680861979722977, 0.8217735290527344, 0.4904259145259857, 0.06900352239608765, 0.004462878219783306, 4.290124416351318, 3.4003095626831055, 0.27017268538475037, 0.3539785146713257, 1.730266809463501, 1.3085594177246094, 2.2923364639282227, 1.008030891418457, 1.740220069885254, 0.06719322502613068, 0.24524812400341034, 0.39191514253616333, 1.4823427200317383, 0.7775079011917114, 0.8737512230873108, 2.6056692600250244, 1.191124677658081, 0.14845317602157593, 0.8930147290229797, 0.11127970367670059, 0.09088676422834396, 0.08602821081876755, 1.6753864288330078, 1.0545835494995117, 1.2702522277832031, 2.676330804824829, 0.7418138980865479, 0.516316294670105, 0.008950351737439632, 0.02872650884091854, 0.5210220813751221, 0.4676833152770996, 0.2740579843521118, 0.23326575756072998, 1.1253662109375, 0.3818190395832062, 1.0482299327850342, 0.18105757236480713, 0.4711677134037018, 0.5569195747375488, 0.6345998644828796, 0.07464419305324554, 0.3189259469509125, 0.029170053079724312, 3.1318607330322266, 0.5106726884841919, 0.07386645674705505, 0.29649966955184937, 0.12718568742275238, 0.6995531916618347, 1.789921760559082, 0.03411167860031128, 0.23634396493434906, 0.4984474182128906, 3.178346633911133, 0.04825342074036598)

* * * * * * * * * * * * * * * * * * * * * * * * * * * * * * * * *

|D| : 1000, |D_0| : 999, |D_1| : 1000
N = N_0 = N_1 : 100
Epochs : 200, Batch size : 100
DP STD : 0.1
l_0 : (0.025711920112371445, 0.004192373715341091, 1.1920928244535389e-07, 0.0, 2.9802276912960224e-06, 7.152531907195225e-06, 0.0, 1.1920928244535389e-07, 0.0024233281146734953, 0.5309767723083496, 2.3841855067985307e-07, 8.106198947643861e-06, 0.011238603852689266, 8.797258487902582e-05, 2.777537883957848e-05, 1.2159273865108844e-05, 6.782778655178845e-05, 0.004112477879971266, 1.1920928244535389e-07, 1.156323378381785e-05, 0.002054010983556509, 0.0005166388000361621, 3.85038583772257e-05, 0.00021181246847845614, 1.1920928244535389e-07, 1.1920922133867862e-06, 3.2782016205601394e-05, 0.0012142435880377889, 0.00015722469834145159, 2.884823152271565e-05, 3.6954195820726454e-05, 1.5497195136049413e-06, 0.017727384343743324, 0.013194039463996887, 3.6954811548639555e-06, 0.053961195051670074, 0.13902711868286133, 3.576272320060525e-06, 0.000243634101934731, 1.5575909614562988, 0.014597991481423378, 0.0007096394547261298, 0.1937752366065979, 0.03431351110339165, 0.0006326819420792162, 5.8412379075889476e-06, 4.768370445162873e-07, 0.00035279724397696555, 0.0007142852991819382, 3.5523738915799186e-05, 2.9802276912960224e-06, 3.981510963058099e-05, 4.851700214203447e-05, 4.768370445162873e-07, 0.0001774868869688362, 0.0018962513422593474, 2.3841855067985307e-07, 1.966933996300213e-05, 0.0014602008741348982, 0.0005415403284132481, 2.7894584491150454e-05, 0.15290533006191254, 0.005199718754738569, 1.7165990357170813e-05, 1.1444026313256472e-05, 0.0021921193692833185, 0.0001778444420779124, 1.3708974620385561e-05, 0.00235661119222641, 0.002857532352209091, 5.006664650863968e-05, 0.0004306104383431375, 0.006379951722919941, 2.455681169521995e-05, 2.9801878554280847e-05, 0.0009385710000060499, 0.019311627373099327, 1.8596476365928538e-05, 3.790783375734463e-05, 0.3908096253871918, 5.960462772236497e-07, 3.71926071238704e-05, 9.536738616588991e-07, 4.768370445162873e-07, 1.1324817933200393e-05, 0.0006363751017488539, 0.0006395916570909321, 0.0007271506474353373, 6.842378934379667e-05, 0.0005142558366060257, 8.344646857949556e-07, 3.576272320060525e-06, 7.235741941258311e-05, 3.576278118089249e-07, 0.010344814509153366, 0.00032074074260890484, 0.000309657771140337, 5.245195097813848e-06, 8.344646857949556e-07, 1.1920928244535389e-07)
l_1 : (1.0490362910786644e-05, 0.000805053801741451, 2.074220174108632e-05, 0.011549161747097969, 2.7418097943154862e-06, 0.0005678709712810814, 2.3841855067985307e-07, 0.0030182304326444864, 4.768370445162873e-07, 0.05148719251155853, 0.000597179401665926, 6.318072337307967e-06, 5.960462772236497e-07, 1.2159273865108844e-05, 2.5033637939486653e-05, 0.000448841426987201, 0.00043883229955099523, 5.674201020156033e-05, 0.00014900050882715732, 8.34461570775602e-06, 2.3841855067985307e-07, 3.576278118089249e-07, 0.0, 1.0728830375228426e-06, 5.781483559985645e-05, 3.290122185717337e-05, 0.004565411247313023, 1.1920928244535389e-07, 1.3232143828645349e-05, 4.446407547220588e-05, 4.446407547220588e-05, 2.3841855067985307e-07, 9.536738616588991e-07, 2.3841855067985307e-07, 7.986990567587782e-06, 0.021709073334932327, 9.285972191719338e-05, 8.737658936297521e-05, 1.1920928244535389e-07, 0.0004975749761797488, 4.529942543740617e-06, 0.00011181206355104223, 0.0, 1.0728830375228426e-06, 1.1920928244535389e-07, 3.6954811548639555e-06, 2.4437606043647975e-05, 0.05186450853943825, 2.9802276912960224e-06, 0.0019587157294154167, 3.099436753473128e-06, 3.635817120084539e-05, 0.00043358939001336694, 5.722029527532868e-06, 5.8412379075889476e-06, 0.0005623904871754348, 0.02448706328868866, 8.4638240878121e-06, 5.9602869441732764e-05, 1.2755313036905136e-05, 1.9788545614574105e-05, 0.0005034133209846914, 2.3841855067985307e-07, 9.715084888739511e-05, 0.006538781803101301, 1.9073468138230965e-06, 3.421248038648628e-05, 2.3841855067985307e-07, 0.0007550249574705958, 2.6464111215318553e-05, 8.821448318485636e-06, 0.20854392647743225, 1.3351351299206726e-05, 1.9073468138230965e-06, 5.125986263010418e-06, 0.006138281896710396, 0.0, 1.4305104514278355e-06, 0.0001802282058633864, 1.5497195136049413e-06, 1.6689286894688848e-06, 2.622600959512056e-06, 0.002115513663738966, 1.1920928244535389e-07, 0.001884471857920289, 7.748573807475623e-06, 0.00012540031457319856, 0.002586592920124531, 0.18278074264526367, 0.0004988856380805373, 0.017770247533917427, 2.3841574147809297e-05, 0.0001512651506345719, 0.0003152588615193963, 0.0024830244947224855, 0.0003406421164982021, 2.7418097943154862e-06, 0.000648883986286819, 0.0008771148277446628, 0.000726316764485091)

* * * * * * * * * * * * * * * * * * * * * * * * * * * * * * * * *

|D| : 1000, |D_0| : 999, |D_1| : 1000
N = N_0 = N_1 : 100
Epochs : 200, Batch size : 100
DP STD : 0.1
l_0 : (0.015468386933207512, 2.884823152271565e-05, 2.622600959512056e-06, 1.3991316556930542, 2.1219027985353023e-05, 0.004624861292541027, 4.684815212385729e-05, 0.00011717586312443018, 0.00037508129025809467, 0.0001641377166379243, 0.008968664333224297, 0.006118732504546642, 0.00025388356880284846, 0.0019564551766961813, 0.0007102350937202573, 0.007976109161973, 0.0027580340392887592, 0.061668965965509415, 1.6689160474925302e-05, 0.00017498392844572663, 0.0007246490567922592, 0.0076910569332540035, 5.2569914259947836e-05, 0.00042167355422861874, 1.07287787614041e-05, 0.011612440459430218, 0.0017459639348089695, 3.397406908334233e-05, 0.12374329566955566, 0.0001541257370263338, 0.017371058464050293, 0.005940163973718882, 0.0020732830744236708, 0.0008456706418655813, 0.0023474537301808596, 0.006065295543521643, 9.274052717955783e-05, 0.0003532739356160164, 4.768258077092469e-05, 6.592056161025539e-05, 0.02111561968922615, 0.00014888131408952177, 0.00951410923153162, 0.00030286493711173534, 0.00011062010162277147, 0.0004667146422434598, 0.00010895135346800089, 0.0037273948546499014, 0.0005287918029353023, 4.172316494077677e-06, 0.03870542347431183, 0.003446711925789714, 0.0015549485106021166, 0.0001565095444675535, 9.154854342341423e-05, 0.009641746059060097, 0.0014762704959139228, 0.0007484733941964805, 0.0013467537937685847, 0.03912908583879471, 0.0002619877050165087, 0.001190192298963666, 0.0002060916303889826, 0.00027259447961114347, 0.0018354489002376795, 0.0030272630974650383, 0.00011228884250158444, 0.20695458352565765, 0.0009691785671748221, 7.366862701019272e-05, 0.00024959311122074723, 0.0006461439770646393, 0.0011043408885598183, 0.007374091539531946, 0.0036140859592705965, 0.002300832187756896, 0.0034149920102208853, 0.04071849584579468, 0.0026538888923823833, 0.003670504316687584, 5.245195097813848e-06, 0.0050235954113304615, 0.0005241450853645802, 0.005648721940815449, 0.0032905975822359324, 8.856858039507642e-05, 8.260862523457035e-05, 0.009564528241753578, 0.0002037079248111695, 0.005954858381301165, 0.004418491385877132, 0.014489667490124702, 0.0016198145458474755, 0.0005427317810244858, 0.002191167790442705, 0.0015829188050702214, 0.0013984196120873094, 0.002630228642374277, 0.00023469554434996098, 0.010797528550028801)
l_1 : (0.001128156203776598, 4.362964682513848e-05, 0.0017791647696867585, 0.0010093123419210315, 0.004420153331011534, 0.0001740304142003879, 0.008517604321241379, 0.00029309268575161695, 0.0013665156438946724, 1.2159273865108844e-05, 3.576272320060525e-06, 5.900685573578812e-05, 0.00037651124875992537, 0.0004976941272616386, 0.00010823617776622996, 0.0011820956133306026, 0.008405900560319424, 0.0011395872570574284, 0.00040749352774582803, 0.022537989541888237, 0.004390481859445572, 0.00028725311858579516, 3.075552376685664e-05, 0.02934614196419716, 4.088794958079234e-05, 4.076874756719917e-05, 0.033631592988967896, 0.03909538313746452, 0.00029118589009158313, 0.002409889828413725, 0.005670177284628153, 3.2066785934148356e-05, 0.00044979469384998083, 0.0037220504600554705, 1.156323378381785e-05, 0.01657712645828724, 0.0030025423038750887, 0.241485133767128, 0.0011792379664257169, 5.960446742392378e-06, 9.97731985989958e-05, 0.0012859179405495524, 0.0066756801679730415, 2.7656173188006505e-05, 0.05079355090856552, 0.024042019620537758, 0.0007907600956968963, 0.012588446028530598, 0.00022790218645241112, 0.0015822045970708132, 0.0004886387032456696, 0.002287511248141527, 0.016558248549699783, 0.00034457468427717686, 2.062299427052494e-05, 4.6491513785440475e-06, 0.00030119650182314217, 1.9430925021879375e-05, 0.0029596358072012663, 6.6756979322235566e-06, 6.9141146923357155e-06, 0.00158184755127877, 0.0002814135223161429, 0.0007289375062100589, 0.0002933310461230576, 0.0009035557159222662, 0.0006106419023126364, 0.01078207977116108, 2.861018856492592e-06, 2.7418097943154862e-06, 0.0010118131758645177, 3.576272320060525e-06, 0.001563994330354035, 0.0007303669699467719, 9.345571743324399e-05, 0.0015351902693510056, 0.00020358874462544918, 0.0015528061194345355, 0.0034378019627183676, 0.002748523373156786, 1.5939264297485352, 0.012181529775261879, 0.006683732848614454, 1.2993727978027891e-05, 5.4834770708112046e-05, 0.00021765247220173478, 0.00039545822073705494, 0.0015842280117794871, 2.407998726994265e-05, 0.00015579440514557064, 9.667406266089529e-05, 3.576272320060525e-06, 0.002034976379945874, 0.0006229128921404481, 0.00021991695393808186, 0.0001333863037871197, 0.000301673193462193, 0.0007861146004870534, 0.005766778718680143, 0.0006478118011727929)

* * * * * * * * * * * * * * * * * * * * * * * * * * * * * * * * *

|D| : 1000, |D_0| : 999, |D_1| : 1000
N = N_0 = N_1 : 100
Epochs : 200, Batch size : 100
DP STD : 0.1
l_0 : (0.001453058677725494, 0.01044308952987194, 0.031048936769366264, 0.24164579808712006, 0.027748627588152885, 0.022931044921278954, 0.000120751719805412, 0.00021431533969007432, 0.03115028142929077, 0.4843693673610687, 0.3190363347530365, 0.6293168067932129, 0.6402400732040405, 0.3705596625804901, 0.04285910353064537, 0.1002199575304985, 0.9543970227241516, 0.006613154895603657, 0.8432483673095703, 0.003467620350420475, 0.12784868478775024, 0.04724681377410889, 0.05748648941516876, 0.19629418849945068, 0.626036524772644, 0.15932701528072357, 0.0002215855201939121, 1.6923305988311768, 0.08301971852779388, 0.12105323374271393, 0.340582013130188, 2.4394681453704834, 0.05003264173865318, 0.06172242760658264, 0.024841096252202988, 1.4305104514278355e-06, 0.0024312958121299744, 1.4615418910980225, 2.499380111694336, 0.5193186402320862, 0.30440014600753784, 0.006527293939143419, 0.02571273222565651, 0.023087849840521812, 0.001334848813712597, 0.010724056512117386, 0.031219379976391792, 0.011643665842711926, 0.19792237877845764, 7.56950321374461e-05, 0.14073647558689117, 0.007768300827592611, 0.04627971351146698, 2.067265033721924, 0.03328688442707062, 0.04813811555504799, 0.003367945086210966, 0.6854976415634155, 0.06841099262237549, 5.9744720458984375, 0.006372726056724787, 0.00010895135346800089, 8.940656698541716e-06, 0.05656653642654419, 0.1863376349210739, 0.018616123124957085, 1.4177969694137573, 0.0032343952916562557, 0.00048494499060325325, 0.043305784463882446, 0.6374263167381287, 0.07254745811223984, 0.011040197685360909, 0.0004353767435532063, 1.1133828163146973, 0.0015299530932679772, 0.5116809010505676, 2.5333125591278076, 0.7330695986747742, 2.653294324874878, 0.0005466635921038687, 0.6542049646377563, 4.339853286743164, 0.00159708212595433, 0.07489641010761261, 3.638187885284424, 0.11682859063148499, 0.8905247449874878, 3.150789499282837, 3.391300678253174, 0.9409980773925781, 0.03257369250059128, 4.995691776275635, 0.0007796823629178107, 0.00999647006392479, 7.152301259338856e-05, 0.9220115542411804, 1.9406969547271729, 0.00384710356593132, 0.009843735955655575)
l_1 : (0.001135300612077117, 0.029272399842739105, 0.000773488252889365, 0.00043299360550008714, 9.42901024245657e-05, 0.02415710873901844, 0.15283739566802979, 0.004726309794932604, 4.911301948595792e-05, 0.6703646779060364, 1.2091783285140991, 2.1934269170742482e-05, 0.0004017737810499966, 0.00045658653834834695, 0.00011443436960689723, 0.00947053637355566, 0.44281893968582153, 0.0054299961775541306, 0.017555680125951767, 0.0008531744824722409, 0.0030700478237122297, 2.5386202335357666, 0.040849193930625916, 0.04408939555287361, 0.0014172281371429563, 0.0008586533949710429, 0.006800601724535227, 0.008316174149513245, 0.2028525024652481, 0.0021349035669118166, 0.010635599493980408, 0.0017914213240146637, 0.0834367573261261, 0.01670808531343937, 0.36811158061027527, 0.3892914354801178, 4.017272294731811e-05, 0.021453462541103363, 0.0017472729086875916, 0.0036216876469552517, 0.0005049622268415987, 0.5536972880363464, 0.5775861144065857, 0.0002554328821133822, 2.275320529937744, 0.0018140303436666727, 0.012595155276358128, 0.5681219696998596, 0.0020833946764469147, 0.003661477705463767, 0.034379854798316956, 3.0131828784942627, 0.009640801697969437, 0.009666421450674534, 0.00233853398822248, 0.07495845854282379, 0.16430337727069855, 0.0013075858587399125, 0.006984580308198929, 0.004728564061224461, 0.7674369812011719, 0.13138644397258759, 0.05100405216217041, 0.05249067395925522, 0.0007306052139028907, 0.0193436648696661, 0.2479238063097, 0.10018598288297653, 0.14442816376686096, 0.0012143626809120178, 0.27915307879447937, 1.2537392377853394, 0.008303997106850147, 0.033028218895196915, 0.00014923889830242842, 0.0144006023183465, 0.00011932138295378536, 0.08258263766765594, 0.24860848486423492, 1.2260662317276, 0.0012959185987710953, 0.00041309406515210867, 0.045231811702251434, 0.02618269994854927, 0.0967545136809349, 0.13072055578231812, 0.00680415378883481, 0.07243037223815918, 0.08788085728883743, 0.007183556444942951, 0.0008885487914085388, 0.0009582218481227756, 0.022436117753386497, 0.0008169650682248175, 0.003684044349938631, 0.003552437527105212, 0.0004888770054094493, 0.0001510267611593008, 0.5292180776596069, 0.06189108267426491)

* * * * * * * * * * * * * * * * * * * * * * * * * * * * * * * * *

|D| : 1000, |D_0| : 999, |D_1| : 1000
N = N_0 = N_1 : 100
Epochs : 200, Batch size : 100
DP STD : 0.1
l_0 : (0.007759192958474159, 6.651657167822123e-05, 1.3589766240329482e-05, 1.2056941986083984, 4.100715523236431e-05, 0.00129270413890481, 0.0002914242504630238, 0.0001433984871255234, 0.00044204952428117394, 1.0847986231965479e-05, 0.07216788828372955, 0.09715472906827927, 1.0728830375228426e-06, 7.664863369427621e-05, 0.2717042565345764, 0.0005684667266905308, 0.00019441144831944257, 0.0002273062855238095, 0.009812453761696815, 0.0002112165529979393, 0.0007122601964510977, 0.002427133498713374, 0.0003725788265001029, 7.510157047363464e-06, 0.00011801023356383666, 2.9731640815734863, 0.00023362292267847806, 0.0004351384413894266, 4.935142715112306e-05, 0.00024959311122074723, 0.010267887264490128, 1.0013530300057027e-05, 0.03882135823369026, 0.19180458784103394, 0.002829835517331958, 3.516612196108326e-05, 0.04086349904537201, 0.00035148640745319426, 2.3841855067985307e-07, 3.576278118089249e-07, 8.11782301752828e-05, 2.3245540432981215e-05, 0.2309475541114807, 7.843663479434326e-05, 0.02807229943573475, 2.3841830625315197e-06, 8.344646857949556e-07, 0.0023192670196294785, 7.235741941258311e-05, 0.007529333233833313, 1.1920928244535389e-07, 8.999896090244874e-05, 0.00011181206355104223, 1.9681029319763184, 9.083335316972807e-05, 0.0005750194541178644, 0.0003280101518612355, 0.04305803403258324, 0.0015930355293676257, 0.00597998034209013, 2.5748875486897305e-05, 2.1856212615966797, 0.0034598985221236944, 0.37127381563186646, 9.369411418447271e-05, 0.020986171439290047, 6.794906312279636e-06, 2.5629668016335927e-05, 0.0015919642755761743, 0.00353925209492445, 2.13382354559144e-05, 0.00031442465842701495, 0.02193756401538849, 0.005174577236175537, 0.0024153604172170162, 0.0031152074225246906, 0.0001445904199499637, 5.94836674281396e-05, 0.033595167100429535, 0.001370087033137679, 0.04943738505244255, 0.002561028813943267, 0.0011917401570826769, 0.004006455652415752, 0.01222168654203415, 2.169585604860913e-05, 0.000753357307985425, 3.93382906622719e-05, 8.821448318485636e-06, 0.698652982711792, 0.3367388844490051, 3.576278118089249e-07, 0.0005681092734448612, 4.291525328881107e-06, 0.003809221088886261, 1.6790168285369873, 1.5139465176616795e-05, 0.00042429505265317857, 0.0007082099909894168, 0.1822684407234192)
l_1 : (0.03786753863096237, 0.009526153095066547, 0.0009665584657341242, 1.1920928244535389e-07, 7.152555099310121e-07, 1.2993727978027891e-05, 1.764281842042692e-05, 5.722029527532868e-06, 4.2676016164477915e-05, 0.007542584091424942, 2.5033637939486653e-05, 5.8412379075889476e-06, 0.0009816833771765232, 0.056298837065696716, 0.000595034915022552, 0.00020275443966966122, 0.00010930894495686516, 0.000979658798314631, 3.158996332786046e-05, 5.125986263010418e-06, 9.298280929215252e-06, 1.1920928244535389e-07, 0.002655553398653865, 0.00010847456724150106, 0.2780520021915436, 0.003940200433135033, 1.6850782632827759, 1.5497195136049413e-06, 7.390948667307384e-06, 0.004033525940030813, 0.004631743300706148, 0.003366281744092703, 0.0016295737586915493, 0.00011121608258690685, 7.30726242181845e-05, 0.012986371293663979, 0.029197029769420624, 1.5497195136049413e-06, 0.00025614796322770417, 0.00044824567157775164, 2.7418097943154862e-06, 0.310504287481308, 1.3341120481491089, 0.03405430167913437, 4.434487345861271e-05, 0.0011620919685810804, 0.00011324241495458409, 3.8702287673950195, 0.6173581480979919, 1.0399632453918457, 0.0012475810945034027, 0.0013712774962186813, 0.24520382285118103, 0.004011917393654585, 0.0001137191939051263, 0.0002828436263371259, 1.5497195136049413e-06, 0.004125656094402075, 0.0004998388467356563, 0.001279965159483254, 2.407998726994265e-05, 0.0, 1.1920928244535389e-07, 9.894321920000948e-06, 0.000536655425094068, 0.002998857758939266, 0.09389082342386246, 1.1920928244535389e-07, 3.957670196541585e-05, 4.565611743601039e-05, 1.3828182090946939e-05, 0.0012690118746832013, 0.0004256058018654585, 0.0008599635912105441, 2.0265373677830212e-05, 0.000873065204359591, 0.021222177892923355, 0.0077219316735863686, 0.0001250427303602919, 1.1920928244535389e-07, 0.013219686225056648, 5.960462772236497e-07, 0.02621649205684662, 7.86750388215296e-05, 0.00010632903286023065, 0.00027533553657121956, 0.0004686211177613586, 0.01180661004036665, 0.19846738874912262, 7.676783570786938e-05, 0.23597261309623718, 8.344646857949556e-07, 0.010771937668323517, 0.013837595470249653, 0.026526380330324173, 8.702239938429557e-06, 0.0010536124464124441, 0.0001380348257953301, 0.005105315707623959, 0.008304469287395477)

* * * * * * * * * * * * * * * * * * * * * * * * * * * * * * * * *

|D| : 1000, |D_0| : 999, |D_1| : 1000
N = N_0 = N_1 : 100
Epochs : 200, Batch size : 100
DP STD : 0.1
l_0 : (0.010389056988060474, 0.04665319621562958, 0.43862229585647583, 0.4714061915874481, 0.015898607671260834, 0.16817466914653778, 0.7756703495979309, 0.0018141493201255798, 1.153418779373169, 0.6107338666915894, 0.12008848041296005, 0.00612394604831934, 0.027157820761203766, 0.03974013403058052, 0.001991790486499667, 1.8215253353118896, 0.17613621056079865, 0.1467124968767166, 0.04587296023964882, 1.3768192529678345, 0.008038904517889023, 0.02873762883245945, 0.34861284494400024, 0.07834228873252869, 0.33191391825675964, 0.1475309580564499, 0.003688438795506954, 0.7021384239196777, 0.025290898978710175, 0.1725744903087616, 0.116587795317173, 1.0086041688919067, 0.006426264997571707, 0.3127068877220154, 0.038619522005319595, 1.152922511100769, 0.3084292709827423, 0.002798809204250574, 1.1244027614593506, 1.2683985233306885, 1.8387274742126465, 0.014238902367651463, 0.0020810156129300594, 0.019846083596348763, 0.008502238430082798, 0.00062851223628968, 0.002161906100809574, 0.37340083718299866, 0.010687494650483131, 0.2506882846355438, 0.6853200793266296, 0.0564359650015831, 0.10562627762556076, 0.013079562224447727, 0.0004650464979931712, 0.5558245778083801, 0.052363865077495575, 0.024319075047969818, 0.02330368012189865, 0.008599157445132732, 1.7891085147857666, 2.0144293308258057, 0.6364445686340332, 0.17985530197620392, 0.24254347383975983, 0.23135805130004883, 0.7461043000221252, 0.0933595523238182, 0.012895642779767513, 0.04741986468434334, 0.333675742149353, 0.04466583952307701, 0.9881283640861511, 0.023084240034222603, 0.03852695971727371, 0.026692721992731094, 0.043958891183137894, 0.0002503081923350692, 0.7431784272193909, 0.023910153657197952, 0.06330914050340652, 1.2221930027008057, 0.06871798634529114, 0.36683619022369385, 0.17273105680942535, 1.3189759254455566, 0.016492702066898346, 0.014842910692095757, 0.08563993871212006, 0.011855264194309711, 0.1626722663640976, 0.007076557260006666, 0.40497544407844543, 0.09874521940946579, 0.012967661023139954, 0.2576881945133209, 0.1091599240899086, 0.16353963315486908, 0.012403493747115135, 0.008899429813027382)
l_1 : (1.742784857749939, 0.06834051758050919, 0.0040512168779969215, 0.26925867795944214, 2.902975559234619, 0.0082694748416543, 0.26877671480178833, 0.04686855152249336, 0.593416690826416, 0.005271819420158863, 0.035966936498880386, 1.2257417440414429, 0.14232474565505981, 0.04774586856365204, 0.06438019871711731, 0.2035801112651825, 0.002864426700398326, 0.0031414704862982035, 0.39640793204307556, 0.007962154224514961, 0.003431743010878563, 0.010304582305252552, 0.049779634922742844, 0.9331148266792297, 0.02896185591816902, 0.031841397285461426, 0.20046310126781464, 0.0018227167893201113, 0.016940414905548096, 0.09592437744140625, 0.013611363247036934, 0.026644667610526085, 0.0034692834597080946, 0.00025602878304198384, 1.5708107948303223, 0.2066182941198349, 0.02679450996220112, 0.0006725909770466387, 0.0007443041540682316, 0.17834842205047607, 0.10906800627708435, 0.09615860879421234, 0.2829540967941284, 0.002986972453072667, 1.2123444080352783, 0.023522956296801567, 0.1529817432165146, 2.434227228164673, 0.004461335483938456, 0.03727349266409874, 0.0019156454363837838, 0.001213529147207737, 0.25032100081443787, 0.007636521011590958, 0.009883632883429527, 0.6175016164779663, 0.013873688876628876, 0.014198003336787224, 0.1152045801281929, 0.0034632249735295773, 0.044350918382406235, 0.003189241047948599, 0.008648441173136234, 0.19750574231147766, 2.008758306503296, 0.001378896413370967, 0.002241243841126561, 0.15557381510734558, 0.12526042759418488, 2.4649128913879395, 0.014503296464681625, 0.06045261025428772, 0.002621192717924714, 0.0006862907321192324, 0.03199750557541847, 0.05524469166994095, 0.0025357017293572426, 0.00016032364510465413, 0.47235703468322754, 0.3244214951992035, 0.005560170393437147, 0.05067162588238716, 0.0030284514650702477, 0.25951215624809265, 0.0020776845049113035, 0.22644352912902832, 0.2528720796108246, 0.00025149996508844197, 0.0002493547508493066, 0.02020912431180477, 0.004619047045707703, 0.1387486457824707, 0.6305774450302124, 0.02614356391131878, 0.07113634049892426, 0.044594813138246536, 0.004355587065219879, 7.772143726469949e-05, 0.16664452850818634, 0.08518440276384354)

* * * * * * * * * * * * * * * * * * * * * * * * * * * * * * * * *

|D| : 1000, |D_0| : 999, |D_1| : 1000
N = N_0 = N_1 : 100
Epochs : 200, Batch size : 100
DP STD : 0.1
l_0 : (3.132556200027466, 5.243778228759766, 0.6435512900352478, 8.828191757202148, 3.9099807739257812, 3.699960708618164, 0.14317739009857178, 7.412399768829346, 1.8489710092544556, 5.2033586502075195, 1.299827218055725, 1.2639925479888916, 0.48027342557907104, 0.8999617695808411, 6.707500457763672, 1.1718701124191284, 0.6052975058555603, 1.849562644958496, 1.0892852544784546, 1.8557250499725342, 0.23687653243541718, 3.4649171829223633, 1.4623584747314453, 5.257028579711914, 0.054709866642951965, 0.8842625617980957, 0.7972180843353271, 0.23120537400245667, 1.7633206844329834, 1.1771031618118286, 1.50040864944458, 3.37309193611145, 0.33021780848503113, 0.6740408539772034, 0.06638948619365692, 5.458846569061279, 0.13317547738552094, 1.5615179538726807, 1.7684440612792969, 3.2678844928741455, 2.7844085693359375, 2.2917256355285645, 0.677598774433136, 2.592482805252075, 3.9358301162719727, 4.686434268951416, 0.7999003529548645, 0.27065369486808777, 2.6581809520721436, 3.5550827980041504, 4.169222831726074, 0.6101691722869873, 0.5953418016433716, 3.133361339569092, 0.07184220105409622, 1.1658679246902466, 0.07213760912418365, 0.5824799537658691, 1.5816293954849243, 1.9591401815414429, 3.203434467315674, 6.547363758087158, 1.161778450012207, 0.7542306780815125, 4.089688777923584, 0.19642241299152374, 4.054568290710449, 4.284363746643066, 0.01471969485282898, 0.3792451322078705, 3.735703229904175, 0.8003321290016174, 2.4489126205444336, 1.6244839429855347, 5.38981819152832, 5.249165058135986, 0.9005106091499329, 2.724881649017334, 3.8534340858459473, 8.20530891418457, 0.2375498116016388, 0.03318702429533005, 6.286653995513916, 1.9783353805541992, 4.770906925201416, 5.558508396148682, 2.7456765174865723, 1.8696088790893555, 0.6200705170631409, 1.0658994913101196, 3.280231475830078, 2.6194586753845215, 1.015476942062378, 2.2429914474487305, 2.5774178504943848, 5.987800598144531, 5.183446884155273, 5.258076190948486, 0.28781887888908386, 6.91583251953125)
l_1 : (0.00032789100077934563, 0.2643710672855377, 0.04125948250293732, 1.80916166305542, 0.09065563976764679, 0.17890240252017975, 0.19956481456756592, 0.0076035140082240105, 0.08878413587808609, 0.011901678517460823, 0.20824244618415833, 0.3190687596797943, 0.1638972908258438, 1.6964787244796753, 0.07839509099721909, 4.503799915313721, 1.2924890518188477, 0.005070209037512541, 0.5834121704101562, 0.4498271942138672, 0.8062938451766968, 0.06946859508752823, 0.5989294648170471, 1.0162996053695679, 1.9694600105285645, 0.03055003471672535, 0.7971906661987305, 0.4264596402645111, 0.09525059163570404, 0.2743489444255829, 0.020454775542020798, 0.021644098684191704, 0.046336282044649124, 0.39307963848114014, 1.8575794696807861, 1.0926967859268188, 2.1804447174072266, 0.0027931032236665487, 0.003085735021159053, 0.0236908458173275, 0.08085878938436508, 0.02061605639755726, 2.427994728088379, 0.1613268405199051, 2.9746084213256836, 0.1659703105688095, 0.06898482888936996, 0.08831562846899033, 0.003736183512955904, 1.5918878316879272, 0.002872271928936243, 0.518886387348175, 0.02419399656355381, 0.04641924798488617, 3.05558180809021, 0.7047991156578064, 0.6227895021438599, 0.059015095233917236, 0.010276618413627148, 0.0157450120896101, 0.005300634540617466, 0.0685519203543663, 0.2842479944229126, 0.0024255875032395124, 0.13047398626804352, 1.7517539262771606, 0.06523101776838303, 0.7677494287490845, 1.5504971742630005, 4.090435028076172, 0.0561879500746727, 0.9448594450950623, 0.5368137955665588, 0.005105078686028719, 0.18960808217525482, 0.004527318757027388, 0.012052920646965504, 0.5502254366874695, 0.8307846784591675, 1.068681240081787, 0.07513982802629471, 0.16078972816467285, 0.2272297888994217, 0.09381430596113205, 3.2890679836273193, 0.000506511190906167, 0.06845507770776749, 0.01639443449676037, 1.585666537284851, 0.002713095862418413, 0.7383092045783997, 0.11595083028078079, 0.05293838679790497, 0.007188527379184961, 0.03860105574131012, 0.010642086155712605, 1.061293125152588, 0.12701603770256042, 0.12235138565301895, 0.004409352783113718)

* * * * * * * * * * * * * * * * * * * * * * * * * * * * * * * * *

|D| : 1000, |D_0| : 999, |D_1| : 1000
N = N_0 = N_1 : 100
Epochs : 200, Batch size : 100
DP STD : 0.1
l_0 : (0.0004444326623342931, 0.02258973754942417, 0.1008865162730217, 0.8319963216781616, 1.2185354232788086, 1.689453363418579, 0.19065359234809875, 0.26022911071777344, 0.0012260308722034097, 2.5954630374908447, 0.06487289816141129, 0.7504022121429443, 3.067662477493286, 0.6853238344192505, 0.0007127366843633354, 2.6013684272766113, 0.03590184450149536, 0.09475377202033997, 4.013559818267822, 0.19187544286251068, 1.2810490131378174, 9.706920623779297, 3.9600322246551514, 0.21251656115055084, 0.022837718948721886, 0.009629112668335438, 1.5385444164276123, 0.009639030322432518, 0.003218353958800435, 0.03456435725092888, 0.20886553823947906, 0.19438081979751587, 0.026403551921248436, 0.005920847877860069, 0.055214911699295044, 0.002799284877255559, 0.18813785910606384, 2.2784266471862793, 0.010191071778535843, 0.005835757125169039, 1.394428014755249, 4.004249572753906, 3.76084041595459, 1.460222601890564, 6.96052360534668, 0.28569161891937256, 0.0006447143969126046, 0.015017899684607983, 0.7249731421470642, 0.0025379611179232597, 0.2624691128730774, 0.17896249890327454, 0.7220262289047241, 0.0002520958660170436, 8.713819261174649e-05, 2.8013790142722428e-05, 0.019124288111925125, 0.01699667237699032, 1.0679666996002197, 0.7054623365402222, 4.841489791870117, 0.0002531684876885265, 3.610537528991699, 0.008353767916560173, 4.44603967666626, 0.006307338364422321, 4.966407299041748, 2.160006523132324, 1.4109442234039307, 0.02835948020219803, 0.04301418364048004, 0.00026174934464506805, 1.639718770980835, 0.00034290633630007505, 0.011827933602035046, 0.007757891900837421, 6.661065578460693, 0.47531214356422424, 4.7147746086120605, 0.5042185187339783, 0.07831407338380814, 1.4098286628723145, 0.1313077211380005, 0.05950494110584259, 0.011594529263675213, 0.0040994188748300076, 3.2716896533966064, 1.8580387830734253, 5.069459915161133, 2.353304624557495, 0.14692072570323944, 0.0006971312686800957, 0.9333900809288025, 0.45791298151016235, 0.020099185407161713, 0.008987685665488243, 0.004713021218776703, 1.2353315353393555, 0.016416363418102264, 2.564608097076416)
l_1 : (5.960446742392378e-06, 3.0073342323303223, 0.023125475272536278, 5.058668613433838, 0.00021038226259406656, 0.13795234262943268, 0.0017951102927327156, 0.534926176071167, 0.00038413776201196015, 0.00343732675537467, 0.0983223021030426, 2.8657567501068115, 0.040352754294872284, 0.00789828971028328, 0.010899885557591915, 0.00011276562872808427, 0.0060264309868216515, 0.0020665021147578955, 1.0295429229736328, 0.1715662181377411, 0.18115146458148956, 0.008333789184689522, 0.9320415258407593, 4.440566539764404, 0.015913860872387886, 5.877823829650879, 0.16121505200862885, 1.9856029748916626, 0.0007963585085235536, 0.149764284491539, 0.16314750909805298, 0.5043275952339172, 2.2268950939178467, 2.849482774734497, 0.00402675848454237, 5.221230458118953e-05, 1.0682120323181152, 1.9712917804718018, 0.011794711463153362, 0.032198838889598846, 2.9080657958984375, 0.10719351470470428, 0.04954879730939865, 0.04296896606683731, 0.022468172013759613, 0.045280005782842636, 0.3887394666671753, 0.0006165986997075379, 0.3780360519886017, 0.027240535244345665, 0.0002656822034623474, 0.6337375044822693, 0.13191241025924683, 0.7934640049934387, 0.18608351051807404, 1.4285800457000732, 0.5268118381500244, 0.3722265064716339, 0.0024676844477653503, 0.9063663482666016, 0.05314742028713226, 0.7351394295692444, 0.0029529796447604895, 0.0050257304683327675, 0.14780236780643463, 0.04404844343662262, 0.0003461238811723888, 0.0005128260818310082, 0.8083537817001343, 0.9684103727340698, 0.002193070948123932, 0.4508131444454193, 0.679582953453064, 0.15968690812587738, 0.013125802390277386, 0.005833386909216642, 2.866112232208252, 7.340242385864258, 0.08684616535902023, 0.20867185294628143, 0.062341779470443726, 0.0007334641413763165, 0.12257593125104904, 0.4619099795818329, 0.07675851136445999, 0.2744736075401306, 0.090501569211483, 0.8640162944793701, 0.8078882098197937, 0.19788609445095062, 1.708715558052063, 0.004715987481176853, 0.09356464445590973, 0.04403384029865265, 0.0006104036583565176, 0.015954338014125824, 0.3241349756717682, 0.7871565818786621, 0.29392969608306885, 1.1588544845581055)

* * * * * * * * * * * * * * * * * * * * * * * * * * * * * * * * *

|D| : 1000, |D_0| : 999, |D_1| : 1000
N = N_0 = N_1 : 100
Epochs : 200, Batch size : 100
DP STD : 0.1
l_0 : (2.3841855067985307e-07, 0.001189835020340979, 0.0001752223033690825, 0.10543480515480042, 0.03190455958247185, 9.786603914108127e-05, 0.007166276685893536, 3.576278118089249e-07, 6.794906312279636e-06, 2.0265558760002023e-06, 5.8412379075889476e-06, 1.5258672647178173e-05, 0.00023457636416424066, 0.00023052419419400394, 0.0004884004010818899, 4.768360213347478e-06, 0.0, 1.592484951019287, 0.3891664743423462, 0.018798761069774628, 0.00023064337437972426, 2.0265558760002023e-06, 0.021977446973323822, 0.00034517052699811757, 4.768370445162873e-07, 0.0005453529884107411, 2.3841855067985307e-07, 0.0002479245886206627, 8.344646857949556e-07, 0.0015162649797275662, 0.0009860896971076727, 1.7881377516459906e-06, 0.00019012074335478246, 6.139089964563027e-05, 0.004890622571110725, 0.0002227773511549458, 0.0006977269076742232, 0.0, 0.2410062700510025, 0.22944442927837372, 0.00012420836719684303, 0.008007921278476715, 0.0, 0.00016675988445058465, 0.00045694399159401655, 0.0, 2.3841855067985307e-07, 0.0005365362740121782, 0.00020752183627337217, 0.0, 0.00024685196694917977, 0.001782139646820724, 0.0, 1.0728830375228426e-06, 0.03736226633191109, 2.3841855067985307e-07, 1.1920928244535389e-07, 0.0, 0.0, 1.3947389561508317e-05, 0.00011586471373448148, 6.556489552167477e-06, 1.2159273865108844e-05, 0.03972947970032692, 5.960462772236497e-07, 0.09700413793325424, 0.0016245751176029444, 0.12348002940416336, 5.8412379075889476e-06, 1.156323378381785e-05, 5.960462772236497e-07, 8.344646857949556e-07, 1.728519782773219e-05, 0.0, 4.291525328881107e-06, 0.00037555795279331505, 0.0003768687602132559, 8.34461570775602e-06, 4.9828242481453344e-05, 3.576278118089249e-07, 0.0, 4.172238186583854e-05, 4.529942543740617e-06, 0.0005301024066284299, 1.0967194612021558e-05, 0.0060651772655546665, 0.2897030711174011, 2.3841855067985307e-07, 5.006777428206988e-06, 2.3841855067985307e-07, 0.0, 0.7557055950164795, 0.003834872040897608, 5.602820692729438e-06, 0.0, 2.1815061700181104e-05, 4.768370445162873e-07, 0.001471390132792294, 1.4543427823809907e-05, 0.0012390087358653545)
l_1 : (0.003812071168795228, 0.0, 0.000263894529780373, 1.1920928244535389e-07, 1.6689286894688848e-06, 3.576278118089249e-07, 6.305972783593461e-05, 1.5497195136049413e-06, 8.344646857949556e-07, 8.344646857949556e-07, 5.2689116273541003e-05, 0.0006332775810733438, 1.823885577323381e-05, 0.024927839636802673, 0.011771855875849724, 1.5139465176616795e-05, 2.3841855067985307e-07, 0.0063878875225782394, 0.0939907655119896, 2.0265558760002023e-06, 0.0, 7.843663479434326e-05, 0.0, 0.0002774807217065245, 1.156323378381785e-05, 4.768370445162873e-07, 0.0002196785935666412, 2.8371408916427754e-05, 2.3841855067985307e-07, 3.2186455882765586e-06, 1.0728830375228426e-06, 0.757591187953949, 4.792098479811102e-05, 0.001036107074469328, 0.0023061842657625675, 3.6954811548639555e-06, 0.06380897015333176, 1.207510232925415, 0.0, 1.1920928244535389e-07, 0.01592172123491764, 1.4305104514278355e-06, 0.0, 2.622600959512056e-06, 0.0002203936892328784, 9.179073458653875e-06, 1.9311717551317997e-05, 0.0, 0.0006202919175848365, 7.629365427419543e-06, 2.9802276912960224e-06, 1.1920928244535389e-07, 5.960462772236497e-07, 1.585470999998506e-05, 9.762764238985255e-05, 1.5497195136049413e-06, 2.0503786799963564e-05, 0.012659073807299137, 0.00314895692281425, 2.3841855067985307e-07, 0.00013350549852475524, 4.768370445162873e-07, 0.007228057365864515, 6.496695277746767e-05, 0.002688723849132657, 0.00027569307712838054, 1.3232143828645349e-05, 3.790783375734463e-05, 0.004320928826928139, 0.0005421360838226974, 1.5497195136049413e-06, 5.960462772236497e-07, 9.536288416711614e-05, 9.464769391342998e-05, 7.652943895664066e-05, 5.1020273531321436e-05, 0.0006809299811720848, 2.3841855067985307e-07, 1.8715683836489916e-05, 0.07506971806287766, 0.0003234816831536591, 2.50339189733495e-06, 2.4318398573086597e-05, 0.13229504227638245, 0.003646155819296837, 0.0, 0.05106250196695328, 0.0015244778478518128, 3.4927710657939315e-05, 3.2186455882765586e-06, 0.0031948259565979242, 0.002442236291244626, 0.001110175740905106, 0.00039104922325350344, 3.576278118089249e-07, 2.5152843591058627e-05, 0.0030425945296883583, 1.1920928244535389e-07, 8.34461570775602e-06, 1.7404405298293568e-05)

* * * * * * * * * * * * * * * * * * * * * * * * * * * * * * * * *

|D| : 1000, |D_0| : 999, |D_1| : 1000
N = N_0 = N_1 : 100
Epochs : 200, Batch size : 100
DP STD : 0.1
l_0 : (1.9373791217803955, 0.8183872103691101, 1.4820234775543213, 8.881216049194336, 5.774015426635742, 1.3725019693374634, 3.616624355316162, 1.323999285697937, 2.306199073791504, 1.5921502113342285, 2.070803165435791, 2.5252604484558105, 1.514819860458374, 0.7855282425880432, 1.6994740962982178, 1.6361088752746582, 2.081601142883301, 2.745682716369629, 0.10591573268175125, 6.017459869384766, 4.050061225891113, 8.482778549194336, 3.536388397216797, 3.3251657485961914, 1.7182210683822632, 5.559986591339111, 0.6319812536239624, 6.521011829376221, 1.670938491821289, 9.800976753234863, 0.47637975215911865, 3.545473575592041, 3.2378954887390137, 4.698946475982666, 2.1956496238708496, 2.014315128326416, 2.9599685668945312, 2.9606285095214844, 4.539015293121338, 3.195542573928833, 3.642726421356201, 4.69403076171875, 2.264730215072632, 0.9189509153366089, 1.5488629341125488, 4.0259833335876465, 1.7632458209991455, 2.159921646118164, 0.7691236734390259, 5.795947551727295, 2.3609328269958496, 0.18220098316669464, 4.549356460571289, 0.678787887096405, 5.760318756103516, 0.4007151126861572, 1.2467964887619019, 2.8021819591522217, 3.6617496013641357, 4.657944202423096, 3.085294246673584, 4.323472499847412, 1.3150534629821777, 3.1168172359466553, 1.6874102354049683, 5.42159366607666, 2.296665668487549, 0.31592997908592224, 0.3645249307155609, 1.9474369287490845, 1.1140613555908203, 3.646087408065796, 2.3536200523376465, 0.7550075054168701, 1.5875954627990723, 2.0861120223999023, 2.924201250076294, 2.7979955673217773, 2.842409610748291, 3.328103542327881, 1.5056605339050293, 1.1093108654022217, 6.643414497375488, 1.679351806640625, 3.765550136566162, 3.6015775203704834, 2.8587918281555176, 0.7832719087600708, 3.6774749755859375, 0.1439540535211563, 0.6318534016609192, 5.9577460289001465, 4.767619609832764, 0.5074226260185242, 1.655306100845337, 5.7704243659973145, 0.9649178981781006, 3.856868028640747, 4.905120849609375, 2.39404296875)
l_1 : (0.10493786633014679, 0.157922625541687, 0.15169164538383484, 0.3172086775302887, 0.15153838694095612, 0.21367840468883514, 1.948944330215454, 0.032559383660554886, 0.0033806574065238237, 0.01984737068414688, 0.21269583702087402, 0.5141375660896301, 0.1836421638727188, 0.9578069448471069, 0.490632027387619, 1.3696436882019043, 0.2961156964302063, 0.02004392072558403, 0.12094560265541077, 0.18749627470970154, 0.2895371913909912, 0.07237348705530167, 0.01255571935325861, 0.14423252642154694, 0.21688488125801086, 2.7490854263305664, 1.550255537033081, 0.08257034420967102, 0.11315784603357315, 0.05409739911556244, 0.6224660873413086, 0.010355550795793533, 0.053134530782699585, 0.783877968788147, 0.05844630300998688, 1.3290201425552368, 0.41065850853919983, 0.10811183601617813, 1.0765925645828247, 0.19492824375629425, 1.2662487030029297, 0.07011428475379944, 1.1995997428894043, 0.6745167970657349, 0.00982921663671732, 0.9092170000076294, 0.8160406947135925, 0.016126083210110664, 0.6183927059173584, 0.5216856598854065, 1.8268580436706543, 0.8123708367347717, 2.781965494155884, 1.8921091556549072, 0.07183510065078735, 0.0318896658718586, 0.2598291039466858, 0.6160203218460083, 0.14425119757652283, 0.198593869805336, 0.15701481699943542, 0.00139246741309762, 0.9803685545921326, 0.0118434838950634, 0.9129966497421265, 0.2805077135562897, 0.020666852593421936, 1.6749650239944458, 0.1802510768175125, 0.6174899339675903, 0.35645899176597595, 0.030542634427547455, 0.9996966123580933, 0.8496049046516418, 0.0070799896493554115, 0.025130020454525948, 0.10433457791805267, 0.17344863712787628, 1.9551193714141846, 0.05217786505818367, 0.07609224319458008, 0.09581930935382843, 0.9381383061408997, 0.13162025809288025, 0.006788406055420637, 0.02727661281824112, 0.3030506372451782, 0.18897049129009247, 3.194572925567627, 2.496100902557373, 0.021706508472561836, 0.048309192061424255, 2.3914904594421387, 0.5354768633842468, 0.1428694874048233, 0.21517790853977203, 0.07746759057044983, 0.17532041668891907, 0.030977630987763405, 0.5867446064949036)
